1736476887458 0.54545 0
1736477285320 0.6269 1
1736477821002 0.63563 2
1736478163713 0.49548 3
1736478295277 0.60225 4
1736478443325 0.63307 5
1736478573726 0.66171 6
1736478712942 0.64047 7
1736478852821 0.69576 8
1736478987767 0.64274 9
1736479120943 0.6656 10
1736479254855 0.69122 11
1736479387172 0.68913 12
1736479517495 0.69399 13
1736479647429 0.69207 14
1736479779021 0.67074 15
1736479911983 0.66574 16
1736480043424 0.68313 17
1736480174758 0.70753 18
1736480305734 0.66643 19
1736480437128 0.69136 20
1736480568801 0.69814 21
1736480700691 0.6824 22
1736480830840 0.70624 23
1736480962313 0.68829 24
1736481094468 0.69752 25
1736481226619 0.69987 26
1736481358858 0.70129 27
1736481490333 0.70414 28
1736481496148 0.7074608773904225 28
