1736476887458 0.95057 0
1736477285320 0.96153 1
1736477821002 0.95851 2
1736478163713 0.96323 3
1736478295277 0.95291 4
1736478443325 0.96371 5
1736478573726 0.9577 6
1736478712942 0.96635 7
1736478852821 0.96958 8
1736478987767 0.95571 9
1736479120943 0.96641 10
1736479254855 0.96617 11
1736479387172 0.95907 12
1736479517495 0.96416 13
1736479647429 0.95945 14
1736479779021 0.95751 15
1736479911983 0.96796 16
1736480043424 0.96696 17
1736480174758 0.96866 18
1736480305734 0.97094 19
1736480437128 0.96815 20
1736480568801 0.9703 21
1736480700691 0.95663 22
1736480830840 0.95696 23
1736480962313 0.96239 24
1736481094468 0.97024 25
1736481226619 0.96412 26
1736481358858 0.96195 27
1736481490333 0.96529 28
1736481496148 0.9685943652422578 28
