1736476887458 0.90622 0
1736477285320 0.92506 1
1736477821002 0.9327 2
1736478163713 0.92657 3
1736478295277 0.92404 4
1736478443325 0.92575 5
1736478573726 0.94934 6
1736478712942 0.94072 7
1736478852821 0.94246 8
1736478987767 0.91304 9
1736479120943 0.92451 10
1736479254855 0.92948 11
1736479387172 0.89496 12
1736479517495 0.90756 13
1736479647429 0.89567 14
1736479779021 0.91781 15
1736479911983 0.92736 16
1736480043424 0.93509 17
1736480174758 0.94146 18
1736480305734 0.95354 19
1736480437128 0.9246 20
1736480568801 0.94056 21
1736480700691 0.9298 22
1736480830840 0.91777 23
1736480962313 0.93285 24
1736481094468 0.92924 25
1736481226619 0.9296 26
1736481358858 0.90421 27
1736481490333 0.90866 28
1736481496148 0.9424076197434659 28
