1736476887458 0.93081 0
1736477285320 0.94516 1
1736477821002 0.92055 2
1736478163713 0.95451 3
1736478295277 0.90314 4
1736478443325 0.94319 5
1736478573726 0.91618 6
1736478712942 0.92221 7
1736478852821 0.93674 8
1736478987767 0.91044 9
1736479120943 0.93819 10
1736479254855 0.93819 11
1736479387172 0.92066 12
1736479517495 0.94189 13
1736479647429 0.92662 14
1736479779021 0.93741 15
1736479911983 0.94223 16
1736480043424 0.9428 17
1736480174758 0.93635 18
1736480305734 0.92784 19
1736480437128 0.93892 20
1736480568801 0.93819 21
1736480700691 0.90314 22
1736480830840 0.9061 23
1736480962313 0.9227 24
1736481094468 0.95018 25
1736481226619 0.93635 26
1736481358858 0.92066 27
1736481490333 0.93609 28
1736481496148 0.9359146969848077 28
