1736490107614 0.64204 0
1736490201713 0.65987 1
1736490296991 0.65523 2
1736490388778 0.64697 3
1736490481497 0.6796 4
1736490572791 0.64956 5
1736490663164 0.67394 6
1736490753748 0.68649 7
1736490843530 0.66313 8
1736490934857 0.67856 9
1736491025478 0.69372 10
1736491114840 0.68225 11
1736491205574 0.68971 12
1736491294973 0.6898 13
1736491384812 0.66501 14
1736491474290 0.6935 15
1736491564709 0.67733 16
1736491653989 0.66753 17
1736491744313 0.68329 18
1736491833960 0.67914 19
1736491924067 0.69097 20
1736492013772 0.69135 21
1736492104888 0.6933 22
1736492194169 0.70571 23
1736492283050 0.70216 24
1736492372168 0.71205 25
1736492459435 0.71053 26
1736492549309 0.69663 27
1736492639956 0.70671 28
1736492730075 0.70298 29
1736492819955 0.70254 30
1736492907520 0.69828 31
1736492997396 0.69833 32
1736493087038 0.71319 33
1736493177276 0.69247 34
1736493267157 0.71663 35
1736493357899 0.70896 36
1736493447881 0.71097 37
1736493537727 0.70712 38
1736493626920 0.7049 39
1736493716437 0.70751 40
1736493805648 0.7136 41
1736493895033 0.70107 42
1736493983972 0.71298 43
1736494073602 0.72088 44
1736494162259 0.7133 45
1736494251410 0.72074 46
1736494340853 0.71079 47
1736494429963 0.71906 48
1736494519906 0.70548 49
1736494609247 0.71432 50
1736494699110 0.709 51
1736494787960 0.70827 52
1736494876526 0.71834 53
1736494965391 0.7008 54
1736495055114 0.71687 55
1736495145797 0.71879 56
1736495235209 0.70816 57
1736495325163 0.71835 58
1736495415794 0.71864 59
1736495505590 0.71017 60
1736495597638 0.71192 61
1736495688980 0.7361 62
1736495781384 0.71369 63
1736495872634 0.72014 64
1736495964996 0.72403 65
1736496056289 0.71482 66
1736496146668 0.72669 67
1736496238485 0.73285 68
1736496329894 0.72149 69
1736496420737 0.71002 70
1736496509934 0.7295 71
1736496600670 0.72198 72
1736496690874 0.71915 73
1736496781737 0.72381 74
1736496871472 0.70328 75
1736496962904 0.72729 76
1736497052639 0.72993 77
1736497143290 0.73009 78
1736497233494 0.71553 79
1736497324258 0.72529 80
1736497414702 0.73381 81
1736497506281 0.72689 82
1736497597139 0.73705 83
1736497687246 0.72386 84
1736497777119 0.73033 85
1736497867847 0.72088 86
1736497958385 0.7204 87
1736498048464 0.71614 88
1736498138672 0.72342 89
1736498228515 0.72764 90
1736498318434 0.72066 91
1736498409123 0.72682 92
1736498499266 0.73461 93
1736498590053 0.73675 94
1736498680390 0.73544 95
1736498786441 0.73452 96
1736498877148 0.73279 97
1736498967829 0.72826 98
1736499058377 0.72234 99
1736499148641 0.72896 100
1736499238886 0.73566 101
1736499329736 0.73381 102
1736499420252 0.73844 103
1736499510900 0.74175 104
1736499601273 0.72912 105
1736499692729 0.73998 106
1736499783096 0.73515 107
1736499872989 0.7369 108
1736499962757 0.74276 109
1736500052850 0.74013 110
1736500141182 0.74834 111
1736500231117 0.73793 112
1736500321509 0.74225 113
1736500410890 0.7433 114
1736500502249 0.73943 115
1736500591712 0.73599 116
1736500682763 0.74229 117
1736500772723 0.73742 118
1736500862634 0.73882 119
1736500952194 0.74225 120
1736501041900 0.74418 121
1736501131920 0.7367 122
1736501222712 0.73584 123
1736501312409 0.74472 124
1736501403141 0.74998 125
1736501491831 0.74762 126
1736501581522 0.74571 127
1736501671864 0.74178 128
1736501763141 0.73901 129
1736501852413 0.7395 130
1736501942413 0.73716 131
1736502032136 0.73894 132
1736502121543 0.74297 133
1736502211195 0.74402 134
1736502302609 0.74145 135
1736502392636 0.74324 136
1736502483636 0.74058 137
1736502574423 0.74225 138
1736502665307 0.74674 139
1736502754447 0.74281 140
1736502842475 0.74446 141
1736502933454 0.74643 142
1736503024384 0.74385 143
1736503113726 0.74349 144
1736503201318 0.73836 145
1736503290581 0.74028 146
1736503894774 0.74074 147
1736503974761 0.73924 148
1736504061000 0.74215 149
1736504152875 0.74327 150
1736504243623 0.74337 151
1736504333407 0.74161 152
1736504421364 0.74101 153
1736504510705 0.74505 154
1736504601179 0.7397 155
1736504690163 0.74247 156
1736504780286 0.7393 157
1736504870933 0.73806 158
1736504961306 0.74017 159
1736505050640 0.74413 160
1736505140534 0.74226 161
1736505229873 0.74648 162
1736505319860 0.74625 163
1736505410119 0.74674 164
1736505499568 0.74299 165
1736505589067 0.74172 166
1736505678469 0.7454 167
1736505767435 0.74732 168
1736505855614 0.74557 169
1736505946038 0.74475 170
1736506036137 0.74514 171
1736506125352 0.74449 172
1736506215767 0.74423 173
1736506305504 0.74322 174
1736506394939 0.74606 175
1736506484755 0.74627 176
1736506575327 0.74708 177
1736506665061 0.74866 178
1736506754065 0.75036 179
1736506844574 0.75021 180
1736506933131 0.7499 181
1736507080242 0.74964 182
1736507162917 0.74934 183
1736507251782 0.74783 184
1736507341195 0.74465 185
1736507430651 0.74145 186
1736507520785 0.74 187
1736507610586 0.73988 188
1736507702079 0.74168 189
1736507791198 0.74143 190
1736507880489 0.73922 191
1736507969383 0.74042 192
1736508059351 0.73932 193
1736508148793 0.7402 194
1736508238674 0.73835 195
1736508329601 0.73939 196
1736508419094 0.74074 197
1736508508195 0.7412 198
1736508598463 0.74172 199
1736508688044 0.7415 200
1736508778250 0.73962 201
1736508868163 0.73828 202
1736508958196 0.7395 203
1736509048083 0.73937 204
1736509137902 0.74051 205
1736509227808 0.74019 206
1736509318137 0.74076 207
1736509405983 0.74097 208
1736509495499 0.74071 209
1736509585720 0.74199 210
1736509675798 0.74083 211
1736509764469 0.74197 212
1736509854186 0.74209 213
1736509943541 0.74189 214
1736510033412 0.74183 215
1736510123667 0.7419 216
1736510213152 0.74173 217
1736510302984 0.74207 218
1736510392500 0.74276 219
1736510484336 0.74364 220
1736510574021 0.74448 221
1736510663774 0.74466 222
1736510752404 0.7463 223
1736510843112 0.74537 224
1736510931013 0.74459 225
1736511021353 0.74463 226
1736511110335 0.74421 227
1736511203442 0.74549 228
1736511293205 0.74463 229
1736511382899 0.74432 230
1736511471061 0.74461 231
1736511561198 0.74523 232
1736511651514 0.74475 233
1736511741082 0.74554 234
1736511831498 0.74627 235
1736511921771 0.74579 236
1736512010192 0.74638 237
1736512100511 0.74596 238
1736512188921 0.7447 239
1736512279798 0.74584 240
1736512369897 0.74517 241
1736512460747 0.74545 242
1736512550177 0.74532 243
1736512641004 0.74599 244
1736512729405 0.74642 245
1736512819508 0.74636 246
1736512909155 0.74779 247
1736512999781 0.74762 248
1736513088542 0.74805 249
1736513179431 0.74841 250
1736513269705 0.74867 251
1736513360243 0.74828 252
1736513450179 0.74773 253
1736513540566 0.74833 254
1736513630511 0.74824 255
1736513721439 0.74723 256
1736513811634 0.74664 257
1736513901725 0.74767 258
1736513992052 0.74694 259
1736514082909 0.7479 260
1736514173258 0.74712 261
1736514262155 0.74728 262
1736514352710 0.74779 263
1736514443143 0.74804 264
1736514530976 0.74663 265
1736514621791 0.74697 266
1736514711524 0.7463 267
1736514801802 0.7467 268
1736514891783 0.74586 269
1736514982688 0.7457 270
1736515072056 0.74556 271
1736515162753 0.74509 272
1736515252509 0.74573 273
1736515342371 0.74516 274
1736515432335 0.74575 275
1736515521084 0.74511 276
1736515610384 0.74486 277
1736515701005 0.74419 278
1736515790523 0.74457 279
1736515796446 0.7504413698156935 279
