1736490107614 0.96907 0
1736490201713 0.97143 1
1736490296991 0.96608 2
1736490388778 0.97209 3
1736490481497 0.97182 4
1736490572791 0.97176 5
1736490663164 0.97196 6
1736490753748 0.97515 7
1736490843530 0.96182 8
1736490934857 0.9672 9
1736491025478 0.97483 10
1736491114840 0.97115 11
1736491205574 0.97184 12
1736491294973 0.97021 13
1736491384812 0.96691 14
1736491474290 0.9714 15
1736491564709 0.97031 16
1736491653989 0.96674 17
1736491744313 0.97197 18
1736491833960 0.96641 19
1736491924067 0.97809 20
1736492013772 0.9662 21
1736492104888 0.97402 22
1736492194169 0.97594 23
1736492283050 0.97789 24
1736492372168 0.97552 25
1736492459435 0.97396 26
1736492549309 0.97385 27
1736492639956 0.97002 28
1736492730075 0.97783 29
1736492819955 0.97634 30
1736492907520 0.9705 31
1736492997396 0.97014 32
1736493087038 0.97716 33
1736493177276 0.96425 34
1736493267157 0.97727 35
1736493357899 0.97665 36
1736493447881 0.97792 37
1736493537727 0.97308 38
1736493626920 0.97387 39
1736493716437 0.96957 40
1736493805648 0.97795 41
1736493895033 0.97529 42
1736493983972 0.97602 43
1736494073602 0.97424 44
1736494162259 0.97457 45
1736494251410 0.97555 46
1736494340853 0.97878 47
1736494429963 0.97655 48
1736494519906 0.97321 49
1736494609247 0.97636 50
1736494699110 0.97909 51
1736494787960 0.97691 52
1736494876526 0.97924 53
1736494965391 0.97278 54
1736495055114 0.97719 55
1736495145797 0.97619 56
1736495235209 0.97344 57
1736495325163 0.97505 58
1736495415794 0.97235 59
1736495505590 0.9755 60
1736495597638 0.97582 61
1736495688980 0.98113 62
1736495781384 0.97803 63
1736495872634 0.97906 64
1736495964996 0.97832 65
1736496056289 0.97721 66
1736496146668 0.97783 67
1736496238485 0.97819 68
1736496329894 0.97862 69
1736496420737 0.96814 70
1736496509934 0.97825 71
1736496600670 0.9776 72
1736496690874 0.9765 73
1736496781737 0.97345 74
1736496871472 0.97661 75
1736496962904 0.98044 76
1736497052639 0.981 77
1736497143290 0.97979 78
1736497233494 0.97436 79
1736497324258 0.97988 80
1736497414702 0.97712 81
1736497506281 0.97714 82
1736497597139 0.98188 83
1736497687246 0.97964 84
1736497777119 0.97924 85
1736497867847 0.97353 86
1736497958385 0.97439 87
1736498048464 0.97332 88
1736498138672 0.97771 89
1736498228515 0.97847 90
1736498318434 0.97645 91
1736498409123 0.9783 92
1736498499266 0.98063 93
1736498590053 0.98249 94
1736498680390 0.98216 95
1736498786441 0.98146 96
1736498877148 0.97934 97
1736498967829 0.9792 98
1736499058377 0.9768 99
1736499148641 0.98152 100
1736499238886 0.98051 101
1736499329736 0.9789 102
1736499420252 0.98148 103
1736499510900 0.983 104
1736499601273 0.97727 105
1736499692729 0.98096 106
1736499783096 0.98022 107
1736499872989 0.98297 108
1736499962757 0.9843 109
1736500052850 0.98235 110
1736500141182 0.98307 111
1736500231117 0.98052 112
1736500321509 0.98174 113
1736500410890 0.98318 114
1736500502249 0.98102 115
1736500591712 0.97477 116
1736500682763 0.98308 117
1736500772723 0.98054 118
1736500862634 0.98082 119
1736500952194 0.98184 120
1736501041900 0.98425 121
1736501131920 0.98133 122
1736501222712 0.98063 123
1736501312409 0.98383 124
1736501403141 0.98514 125
1736501491831 0.98396 126
1736501581522 0.98495 127
1736501671864 0.98397 128
1736501763141 0.98404 129
1736501852413 0.98197 130
1736501942413 0.9803 131
1736502032136 0.98048 132
1736502121543 0.98242 133
1736502211195 0.98333 134
1736502302609 0.98236 135
1736502392636 0.98156 136
1736502483636 0.9809 137
1736502574423 0.98391 138
1736502665307 0.98413 139
1736502754447 0.98283 140
1736502842475 0.98279 141
1736502933454 0.98338 142
1736503024384 0.98327 143
1736503113726 0.98267 144
1736503201318 0.9835 145
1736503290581 0.98315 146
1736503894774 0.9815 147
1736503974761 0.98387 148
1736504061000 0.98539 149
1736504152875 0.98446 150
1736504243623 0.98402 151
1736504333407 0.9836 152
1736504421364 0.9844 153
1736504510705 0.98366 154
1736504601179 0.98123 155
1736504690163 0.98307 156
1736504780286 0.98257 157
1736504870933 0.98285 158
1736504961306 0.98232 159
1736505050640 0.98329 160
1736505140534 0.98347 161
1736505229873 0.98401 162
1736505319860 0.98503 163
1736505410119 0.98439 164
1736505499568 0.98325 165
1736505589067 0.98391 166
1736505678469 0.98442 167
1736505767435 0.98533 168
1736505855614 0.98429 169
1736505946038 0.9836 170
1736506036137 0.98475 171
1736506125352 0.98517 172
1736506215767 0.98461 173
1736506305504 0.98435 174
1736506394939 0.98448 175
1736506484755 0.98444 176
1736506575327 0.98455 177
1736506665061 0.98424 178
1736506754065 0.98472 179
1736506844574 0.98468 180
1736506933131 0.9851 181
1736507080242 0.98478 182
1736507162917 0.98535 183
1736507251782 0.98535 184
1736507341195 0.98338 185
1736507430651 0.98415 186
1736507520785 0.98345 187
1736507610586 0.98381 188
1736507702079 0.98395 189
1736507791198 0.98389 190
1736507880489 0.98368 191
1736507969383 0.98385 192
1736508059351 0.9838 193
1736508148793 0.98338 194
1736508238674 0.98326 195
1736508329601 0.98355 196
1736508419094 0.98353 197
1736508508195 0.98346 198
1736508598463 0.98375 199
1736508688044 0.98352 200
1736508778250 0.98364 201
1736508868163 0.98299 202
1736508958196 0.98279 203
1736509048083 0.9824 204
1736509137902 0.98293 205
1736509227808 0.98332 206
1736509318137 0.98295 207
1736509405983 0.98321 208
1736509495499 0.9832 209
1736509585720 0.98356 210
1736509675798 0.98357 211
1736509764469 0.98393 212
1736509854186 0.98408 213
1736509943541 0.98421 214
1736510033412 0.98445 215
1736510123667 0.9848 216
1736510213152 0.98481 217
1736510302984 0.9847 218
1736510392500 0.98457 219
1736510484336 0.9844 220
1736510574021 0.98422 221
1736510663774 0.9846 222
1736510752404 0.98465 223
1736510843112 0.98483 224
1736510931013 0.98491 225
1736511021353 0.98491 226
1736511110335 0.98473 227
1736511203442 0.98455 228
1736511293205 0.98446 229
1736511382899 0.98425 230
1736511471061 0.98429 231
1736511561198 0.98418 232
1736511651514 0.98408 233
1736511741082 0.98365 234
1736511831498 0.9836 235
1736511921771 0.98377 236
1736512010192 0.98404 237
1736512100511 0.98444 238
1736512188921 0.98438 239
1736512279798 0.98416 240
1736512369897 0.98409 241
1736512460747 0.98418 242
1736512550177 0.98436 243
1736512641004 0.98463 244
1736512729405 0.98462 245
1736512819508 0.98468 246
1736512909155 0.98472 247
1736512999781 0.98484 248
1736513088542 0.98478 249
1736513179431 0.98481 250
1736513269705 0.98474 251
1736513360243 0.98468 252
1736513450179 0.98474 253
1736513540566 0.98475 254
1736513630511 0.98463 255
1736513721439 0.9842 256
1736513811634 0.98387 257
1736513901725 0.98462 258
1736513992052 0.98467 259
1736514082909 0.98459 260
1736514173258 0.9846 261
1736514262155 0.9845 262
1736514352710 0.98447 263
1736514443143 0.98448 264
1736514530976 0.9846 265
1736514621791 0.98448 266
1736514711524 0.9845 267
1736514801802 0.98445 268
1736514891783 0.98437 269
1736514982688 0.98439 270
1736515072056 0.98433 271
1736515162753 0.98433 272
1736515252509 0.98433 273
1736515342371 0.98435 274
1736515432335 0.98439 275
1736515521084 0.98434 276
1736515610384 0.98432 277
1736515701005 0.98419 278
1736515790523 0.98426 279
1736515796446 0.9848342474343365 279
