1736490107614 0.95513 0
1736490201713 0.96495 1
1736490296991 0.95296 2
1736490388778 0.957 3
1736490481497 0.96303 4
1736490572791 0.95373 5
1736490663164 0.96068 6
1736490753748 0.96324 7
1736490843530 0.96175 8
1736490934857 0.95753 9
1736491025478 0.96017 10
1736491114840 0.96201 11
1736491205574 0.95839 12
1736491294973 0.96117 13
1736491384812 0.96544 14
1736491474290 0.95864 15
1736491564709 0.96091 16
1736491653989 0.95121 17
1736491744313 0.96112 18
1736491833960 0.95803 19
1736491924067 0.96339 20
1736492013772 0.96008 21
1736492104888 0.96496 22
1736492194169 0.95985 23
1736492283050 0.96396 24
1736492372168 0.95779 25
1736492459435 0.96022 26
1736492549309 0.96117 27
1736492639956 0.96473 28
1736492730075 0.9672 29
1736492819955 0.96513 30
1736492907520 0.96344 31
1736492997396 0.96131 32
1736493087038 0.95961 33
1736493177276 0.96118 34
1736493267157 0.95869 35
1736493357899 0.95948 36
1736493447881 0.96252 37
1736493537727 0.96146 38
1736493626920 0.96209 39
1736493716437 0.93436 40
1736493805648 0.96279 41
1736493895033 0.96468 42
1736493983972 0.96255 43
1736494073602 0.96633 44
1736494162259 0.9662 45
1736494251410 0.96551 46
1736494340853 0.9635 47
1736494429963 0.9672 48
1736494519906 0.96046 49
1736494609247 0.96118 50
1736494699110 0.95869 51
1736494787960 0.96142 52
1736494876526 0.95904 53
1736494965391 0.96444 54
1736495055114 0.96552 55
1736495145797 0.96534 56
1736495235209 0.96628 57
1736495325163 0.96192 58
1736495415794 0.963 59
1736495505590 0.96103 60
1736495597638 0.96508 61
1736495688980 0.96827 62
1736495781384 0.96291 63
1736495872634 0.9648 64
1736495964996 0.96048 65
1736496056289 0.96125 66
1736496146668 0.96551 67
1736496238485 0.96633 68
1736496329894 0.95947 69
1736496420737 0.96481 70
1736496509934 0.96218 71
1736496600670 0.96376 72
1736496690874 0.96084 73
1736496781737 0.96044 74
1736496871472 0.96708 75
1736496962904 0.96468 76
1736497052639 0.95967 77
1736497143290 0.96337 78
1736497233494 0.96118 79
1736497324258 0.96042 80
1736497414702 0.96642 81
1736497506281 0.96225 82
1736497597139 0.96136 83
1736497687246 0.96464 84
1736497777119 0.96835 85
1736497867847 0.96637 86
1736497958385 0.96553 87
1736498048464 0.96307 88
1736498138672 0.96243 89
1736498228515 0.95886 90
1736498318434 0.96626 91
1736498409123 0.96696 92
1736498499266 0.96042 93
1736498590053 0.96527 94
1736498680390 0.96394 95
1736498786441 0.96225 96
1736498877148 0.96244 97
1736498967829 0.9648 98
1736499058377 0.96222 99
1736499148641 0.96245 100
1736499238886 0.96219 101
1736499329736 0.96097 102
1736499420252 0.96215 103
1736499510900 0.96284 104
1736499601273 0.96128 105
1736499692729 0.96565 106
1736499783096 0.96194 107
1736499872989 0.96234 108
1736499962757 0.96309 109
1736500052850 0.96033 110
1736500141182 0.96308 111
1736500231117 0.96071 112
1736500321509 0.96127 113
1736500410890 0.96216 114
1736500502249 0.9647 115
1736500591712 0.96373 116
1736500682763 0.96306 117
1736500772723 0.96028 118
1736500862634 0.96409 119
1736500952194 0.96435 120
1736501041900 0.96473 121
1736501131920 0.96353 122
1736501222712 0.96471 123
1736501312409 0.96684 124
1736501403141 0.96312 125
1736501491831 0.96141 126
1736501581522 0.96339 127
1736501671864 0.967 128
1736501763141 0.96535 129
1736501852413 0.96389 130
1736501942413 0.96197 131
1736502032136 0.96308 132
1736502121543 0.96393 133
1736502211195 0.96309 134
1736502302609 0.96463 135
1736502392636 0.96321 136
1736502483636 0.96136 137
1736502574423 0.96218 138
1736502665307 0.96024 139
1736502754447 0.96133 140
1736502842475 0.96224 141
1736502933454 0.96647 142
1736503024384 0.96818 143
1736503113726 0.96309 144
1736503201318 0.96306 145
1736503290581 0.965 146
1736503894774 0.96387 147
1736503974761 0.96481 148
1736504061000 0.96467 149
1736504152875 0.96195 150
1736504243623 0.96121 151
1736504333407 0.96223 152
1736504421364 0.9657 153
1736504510705 0.96631 154
1736504601179 0.96302 155
1736504690163 0.963 156
1736504780286 0.96088 157
1736504870933 0.96296 158
1736504961306 0.96015 159
1736505050640 0.95877 160
1736505140534 0.96121 161
1736505229873 0.96232 162
1736505319860 0.96297 163
1736505410119 0.96343 164
1736505499568 0.96633 165
1736505589067 0.96635 166
1736505678469 0.962 167
1736505767435 0.96148 168
1736505855614 0.95799 169
1736505946038 0.95797 170
1736506036137 0.96193 171
1736506125352 0.96667 172
1736506215767 0.96624 173
1736506305504 0.96638 174
1736506394939 0.96135 175
1736506484755 0.96136 176
1736506575327 0.96117 177
1736506665061 0.95977 178
1736506754065 0.96053 179
1736506844574 0.95966 180
1736506933131 0.96132 181
1736507080242 0.96128 182
1736507162917 0.96134 183
1736507251782 0.9622 184
1736507341195 0.96304 185
1736507430651 0.96309 186
1736507520785 0.96306 187
1736507610586 0.96391 188
1736507702079 0.96462 189
1736507791198 0.96526 190
1736507880489 0.96493 191
1736507969383 0.96529 192
1736508059351 0.96299 193
1736508148793 0.9673 194
1736508238674 0.96645 195
1736508329601 0.96574 196
1736508419094 0.96512 197
1736508508195 0.96371 198
1736508598463 0.9613 199
1736508688044 0.96092 200
1736508778250 0.96072 201
1736508868163 0.96051 202
1736508958196 0.96044 203
1736509048083 0.9604 204
1736509137902 0.96138 205
1736509227808 0.96275 206
1736509318137 0.96259 207
1736509405983 0.96127 208
1736509495499 0.9588 209
1736509585720 0.95964 210
1736509675798 0.96219 211
1736509764469 0.96138 212
1736509854186 0.96133 213
1736509943541 0.95965 214
1736510033412 0.96052 215
1736510123667 0.96301 216
1736510213152 0.96324 217
1736510302984 0.96386 218
1736510392500 0.96217 219
1736510484336 0.96053 220
1736510574021 0.96139 221
1736510663774 0.96222 222
1736510752404 0.96136 223
1736510843112 0.96189 224
1736510931013 0.96184 225
1736511021353 0.96181 226
1736511110335 0.96182 227
1736511203442 0.96096 228
1736511293205 0.96099 229
1736511382899 0.961 230
1736511471061 0.96101 231
1736511561198 0.96106 232
1736511651514 0.96139 233
1736511741082 0.96138 234
1736511831498 0.96138 235
1736511921771 0.96138 236
1736512010192 0.96139 237
1736512100511 0.96226 238
1736512188921 0.96225 239
1736512279798 0.96225 240
1736512369897 0.96172 241
1736512460747 0.96175 242
1736512550177 0.96176 243
1736512641004 0.96163 244
1736512729405 0.96157 245
1736512819508 0.96152 246
1736512909155 0.96146 247
1736512999781 0.96155 248
1736513088542 0.96161 249
1736513179431 0.96225 250
1736513269705 0.96225 251
1736513360243 0.96225 252
1736513450179 0.96225 253
1736513540566 0.96225 254
1736513630511 0.96225 255
1736513721439 0.96225 256
1736513811634 0.96168 257
1736513901725 0.96225 258
1736513992052 0.96225 259
1736514082909 0.96162 260
1736514173258 0.96151 261
1736514262155 0.96166 262
1736514352710 0.96559 263
1736514443143 0.96559 264
1736514530976 0.96559 265
1736514621791 0.9656 266
1736514711524 0.9656 267
1736514801802 0.9656 268
1736514891783 0.96139 269
1736514982688 0.96546 270
1736515072056 0.96542 271
1736515162753 0.96498 272
1736515252509 0.96488 273
1736515342371 0.96487 274
1736515432335 0.96495 275
1736515521084 0.96503 276
1736515610384 0.96535 277
1736515701005 0.96539 278
1736515790523 0.96545 279
1736515796446 0.9605241631461148 279
