1736490107614 0.96229 0
1736490201713 0.96771 1
1736490296991 0.97601 2
1736490388778 0.98544 3
1736490481497 0.98534 4
1736490572791 0.97878 5
1736490663164 0.97509 6
1736490753748 0.98063 7
1736490843530 0.97325 8
1736490934857 0.97786 9
1736491025478 0.9797 10
1736491114840 0.98107 11
1736491205574 0.98524 12
1736491294973 0.98187 13
1736491384812 0.98155 14
1736491474290 0.98616 15
1736491564709 0.98063 16
1736491653989 0.98339 17
1736491744313 0.98068 18
1736491833960 0.98616 19
1736491924067 0.98708 20
1736492013772 0.98155 21
1736492104888 0.98247 22
1736492194169 0.98616 23
1736492283050 0.9797 24
1736492372168 0.9839 25
1736492459435 0.98524 26
1736492549309 0.98155 27
1736492639956 0.9842 28
1736492730075 0.97945 29
1736492819955 0.98524 30
1736492907520 0.98616 31
1736492997396 0.98708 32
1736493087038 0.98635 33
1736493177276 0.98212 34
1736493267157 0.98482 35
1736493357899 0.98155 36
1736493447881 0.98339 37
1736493537727 0.98524 38
1736493626920 0.98247 39
1736493716437 0.98524 40
1736493805648 0.98524 41
1736493895033 0.98256 42
1736493983972 0.98155 43
1736494073602 0.97954 44
1736494162259 0.98063 45
1736494251410 0.98145 46
1736494340853 0.98616 47
1736494429963 0.97937 48
1736494519906 0.98593 49
1736494609247 0.98339 50
1736494699110 0.98493 51
1736494787960 0.98155 52
1736494876526 0.98432 53
1736494965391 0.98339 54
1736495055114 0.9797 55
1736495145797 0.97647 56
1736495235209 0.9781 57
1736495325163 0.98339 58
1736495415794 0.98439 59
1736495505590 0.98616 60
1736495597638 0.97232 61
1736495688980 0.97786 62
1736495781384 0.98185 63
1736495872634 0.98247 64
1736495964996 0.98644 65
1736496056289 0.98616 66
1736496146668 0.98129 67
1736496238485 0.97965 68
1736496329894 0.98708 69
1736496420737 0.98629 70
1736496509934 0.98708 71
1736496600670 0.98143 72
1736496690874 0.98339 73
1736496781737 0.98548 74
1736496871472 0.97786 75
1736496962904 0.98278 76
1736497052639 0.98524 77
1736497143290 0.9797 78
1736497233494 0.98524 79
1736497324258 0.98487 80
1736497414702 0.98241 81
1736497506281 0.98753 82
1736497597139 0.98706 83
1736497687246 0.98152 84
1736497777119 0.98063 85
1736497867847 0.9808 86
1736497958385 0.98185 87
1736498048464 0.98708 88
1736498138672 0.98801 89
1736498228515 0.98616 90
1736498318434 0.97752 91
1736498409123 0.98155 92
1736498499266 0.98493 93
1736498590053 0.98432 94
1736498680390 0.98708 95
1736498786441 0.98773 96
1736498877148 0.98616 97
1736498967829 0.98339 98
1736499058377 0.98681 99
1736499148641 0.98708 100
1736499238886 0.98612 101
1736499329736 0.98708 102
1736499420252 0.98524 103
1736499510900 0.98339 104
1736499601273 0.98489 105
1736499692729 0.98247 106
1736499783096 0.98432 107
1736499872989 0.98524 108
1736499962757 0.98692 109
1736500052850 0.98801 110
1736500141182 0.98665 111
1736500231117 0.98708 112
1736500321509 0.98463 113
1736500410890 0.98513 114
1736500502249 0.9833 115
1736500591712 0.98432 116
1736500682763 0.98604 117
1736500772723 0.98801 118
1736500862634 0.98339 119
1736500952194 0.98524 120
1736501041900 0.98412 121
1736501131920 0.98524 122
1736501222712 0.98355 123
1736501312409 0.98247 124
1736501403141 0.98432 125
1736501491831 0.98524 126
1736501581522 0.98432 127
1736501671864 0.98339 128
1736501763141 0.98339 129
1736501852413 0.98509 130
1736501942413 0.98708 131
1736502032136 0.9867 132
1736502121543 0.98612 133
1736502211195 0.98683 134
1736502302609 0.98432 135
1736502392636 0.98616 136
1736502483636 0.98697 137
1736502574423 0.98581 138
1736502665307 0.98801 139
1736502754447 0.98708 140
1736502842475 0.98616 141
1736502933454 0.98392 142
1736503024384 0.98233 143
1736503113726 0.98701 144
1736503201318 0.98614 145
1736503290581 0.98432 146
1736503894774 0.98708 147
1736503974761 0.98635 148
1736504061000 0.98432 149
1736504152875 0.98616 150
1736504243623 0.98708 151
1736504333407 0.98706 152
1736504421364 0.98155 153
1736504510705 0.98247 154
1736504601179 0.98511 155
1736504690163 0.98449 156
1736504780286 0.98432 157
1736504870933 0.98331 158
1736504961306 0.98708 159
1736505050640 0.98674 160
1736505140534 0.98616 161
1736505229873 0.98339 162
1736505319860 0.98351 163
1736505410119 0.98339 164
1736505499568 0.9797 165
1736505589067 0.98018 166
1736505678469 0.98524 167
1736505767435 0.98432 168
1736505855614 0.98877 169
1736505946038 0.98823 170
1736506036137 0.98432 171
1736506125352 0.98063 172
1736506215767 0.98155 173
1736506305504 0.98107 174
1736506394939 0.98708 175
1736506484755 0.98688 176
1736506575327 0.98708 177
1736506665061 0.98708 178
1736506754065 0.98769 179
1736506844574 0.98761 180
1736506933131 0.98598 181
1736507080242 0.98708 182
1736507162917 0.98652 183
1736507251782 0.98634 184
1736507341195 0.98556 185
1736507430651 0.98524 186
1736507520785 0.98596 187
1736507610586 0.98551 188
1736507702079 0.98616 189
1736507791198 0.98616 190
1736507880489 0.98432 191
1736507969383 0.98432 192
1736508059351 0.98616 193
1736508148793 0.98234 194
1736508238674 0.98328 195
1736508329601 0.98339 196
1736508419094 0.98339 197
1736508508195 0.98339 198
1736508598463 0.98524 199
1736508688044 0.98708 200
1736508778250 0.98801 201
1736508868163 0.98801 202
1736508958196 0.98801 203
1736509048083 0.98801 204
1736509137902 0.98759 205
1736509227808 0.98339 206
1736509318137 0.98432 207
1736509405983 0.98432 208
1736509495499 0.98745 209
1736509585720 0.98711 210
1736509675798 0.98605 211
1736509764469 0.98708 212
1736509854186 0.98708 213
1736509943541 0.98736 214
1736510033412 0.98749 215
1736510123667 0.98457 216
1736510213152 0.98432 217
1736510302984 0.98425 218
1736510392500 0.98553 219
1736510484336 0.9877 220
1736510574021 0.98708 221
1736510663774 0.98679 222
1736510752404 0.98697 223
1736510843112 0.98708 224
1736510931013 0.98708 225
1736511021353 0.98708 226
1736511110335 0.98708 227
1736511203442 0.98708 228
1736511293205 0.98708 229
1736511382899 0.98708 230
1736511471061 0.98708 231
1736511561198 0.98708 232
1736511651514 0.98762 233
1736511741082 0.9875 234
1736511831498 0.98745 235
1736511921771 0.98755 236
1736512010192 0.98767 237
1736512100511 0.98779 238
1736512188921 0.9877 239
1736512279798 0.98762 240
1736512369897 0.98708 241
1736512460747 0.98708 242
1736512550177 0.98708 243
1736512641004 0.98708 244
1736512729405 0.98708 245
1736512819508 0.98708 246
1736512909155 0.98708 247
1736512999781 0.98708 248
1736513088542 0.98708 249
1736513179431 0.98767 250
1736513269705 0.98761 251
1736513360243 0.98761 252
1736513450179 0.98772 253
1736513540566 0.98771 254
1736513630511 0.98769 255
1736513721439 0.98769 256
1736513811634 0.98708 257
1736513901725 0.98764 258
1736513992052 0.98757 259
1736514082909 0.98708 260
1736514173258 0.98708 261
1736514262155 0.98708 262
1736514352710 0.98364 263
1736514443143 0.98367 264
1736514530976 0.98381 265
1736514621791 0.98388 266
1736514711524 0.98401 267
1736514801802 0.98408 268
1736514891783 0.98765 269
1736514982688 0.98432 270
1736515072056 0.98432 271
1736515162753 0.98432 272
1736515252509 0.98432 273
1736515342371 0.98432 274
1736515432335 0.98432 275
1736515521084 0.98432 276
1736515610384 0.98432 277
1736515701005 0.98432 278
1736515790523 0.98432 279
1736515796446 0.9876440012877522 279
