1736373707328 0.003329805996472663 0
1736373845209 0.006611604111552028 1
1736373984950 0.009841839726631392 2
1736374122111 0.00976796875 3
1736374282957 0.009690625000000001 4
1736374435714 0.00961328125 5
1736374572931 0.009535937500000001 6
1736374710779 0.009458593749999999 7
1736375385544 0.00938125 8
1736376494162 0.00930390625 9
1736376598761 0.0092265625 10
1736376707064 0.00914921875 11
1736376822734 0.009071875 12
1736376932993 0.00899453125 13
1736377041442 0.0089171875 14
1736377149993 0.008839843750000001 15
1736377258410 0.0087625 16
1736377365342 0.008685156250000001 17
1736377472350 0.008607812500000001 18
1736377578456 0.00853046875 19
1736377686373 0.008453125 20
1736377791036 0.00837578125 21
1736377897426 0.0082984375 22
1736378005951 0.00822109375 23
1736378110551 0.00814375 24
1736378217195 0.00806640625 25
1736378323767 0.007989062500000001 26
1736378431869 0.00791171875 27
1736378538590 0.007834375000000001 28
1736378645248 0.007757031250000001 29
1736378751640 0.0076796875 30
1736378860171 0.007602343750000001 31
1736378966518 0.007525 32
1736379072116 0.00744765625 33
1736379179542 0.0073703125 34
1736379287842 0.00729296875 35
1736379395425 0.007215625 36
1736379503281 0.0071382812500000005 37
1736379609154 0.0070609374999999995 38
1736379714986 0.00698359375 39
1736379821531 0.006906250000000001 40
1736379927409 0.00682890625 41
1736380034241 0.006751562500000001 42
1736380140835 0.0066742187500000005 43
