1736409686889 1.44831 0
1736409971967 1.43428 1
1736410249903 1.37821 2
1736410468127 1.35628 3
1736410674060 1.29393 4
1736410880103 1.27391 5
1736411084145 1.23778 6
1736411288503 1.23688 7
1736411493810 1.21537 8
1736411699060 1.21022 9
1736411900074 1.22203 10
1736412102005 1.19262 11
1736412305785 1.17109 12
1736412511557 1.16848 13
1736412718372 1.18617 14
1736412928050 1.16702 15
1736413131395 1.1585 16
1736413336840 1.14071 17
1736413542643 1.1263 18
1736413748566 1.12606 19
1736413952100 1.13706 20
1736414155898 1.12657 21
1736414361648 1.1256 22
1736414566437 1.12238 23
1736414770810 1.12179 24
1736414977366 1.10216 25
1736415183907 1.12407 26
1736415390883 1.11159 27
1736415598411 1.10895 28
