1736409686889 0.96343 0
1736409971967 0.82761 1
1736410249903 0.7719 2
1736410468127 0.74079 3
1736410674060 0.68778 4
1736410880103 0.65685 5
1736411084145 0.63295 6
1736411288503 0.63376 7
1736411493810 0.61782 8
1736411699060 0.61123 9
1736411900074 0.61515 10
1736412102005 0.59672 11
1736412305785 0.59065 12
1736412511557 0.58023 13
1736412718372 0.5828 14
1736412928050 0.57979 15
1736413131395 0.57468 16
1736413336840 0.56388 17
1736413542643 0.5607 18
1736413748566 0.559 19
1736413952100 0.55993 20
1736414155898 0.54724 21
1736414361648 0.54686 22
1736414566437 0.55671 23
1736414770810 0.54627 24
1736414977366 0.53746 25
1736415183907 0.54595 26
1736415390883 0.54735 27
1736415598411 0.53545 28
