1736409686889 1.78614 0
1736409971967 1.7502 1
1736410249903 1.71794 2
1736410468127 1.69682 3
1736410674060 1.64502 4
1736410880103 1.63252 5
1736411084145 1.60427 6
1736411288503 1.60746 7
1736411493810 1.58881 8
1736411699060 1.57909 9
1736411900074 1.58248 10
1736412102005 1.56629 11
1736412305785 1.54196 12
1736412511557 1.5507 13
1736412718372 1.55326 14
1736412928050 1.54891 15
1736413131395 1.53915 16
1736413336840 1.52483 17
1736413542643 1.51292 18
1736413748566 1.51004 19
1736413952100 1.52452 20
1736414155898 1.51892 21
1736414361648 1.50275 22
1736414566437 1.50739 23
1736414770810 1.51955 24
1736414977366 1.49424 25
1736415183907 1.50518 26
1736415390883 1.50321 27
1736415598411 1.49689 28
