1736070352963 0.5801 0
1736070417402 0.41571 1
1736070464073 0.67384 2
1736070509759 0.47167 3
1736070555475 0.6696 4
1736070601182 0.6556 5
1736070647059 0.65134 6
1736070692525 0.6726 7
1736070738051 0.62531 8
1736070784141 0.55975 9
1736070838718 0.68258 10
1736070890961 0.71453 11
1736070936967 0.57399 12
1736070983019 0.69167 13
1736071036979 0.64576 14
1736071084905 0.67112 15
1736071131152 0.64482 16
1736071177579 0.68338 17
1736071224206 0.65075 18
1736071274477 0.69813 19
1736071320571 0.72104 20
1736071370888 0.66851 21
1736071417327 0.68698 22
1736071464025 0.66577 23
1736071510420 0.66278 24
1736071556955 0.71933 25
1736071757830 0.64238 26
1736071802789 0.72426 27
1736071848855 0.66918 28
1736071894321 0.72445 29
1736071940104 0.66315 30
1736071986380 0.7108 31
1736072034788 0.71243 32
1736072081372 0.63838 33
1736072127587 0.70381 34
1736072173822 0.70865 35
1736072220394 0.69595 36
1736072267081 0.69351 37
1736072321868 0.69979 38
1736072368409 0.67255 39
1736072415508 0.70841 40
1736072461702 0.70639 41
1736072560585 0.7081 42
1736072626791 0.71806 43
1736072672652 0.69613 44
1736072726479 0.7165 45
1736072790875 0.7189 46
1736072836304 0.73796 47
1736072893790 0.69729 48
1736072940024 0.69366 49
1736072986586 0.66512 50
1736073032868 0.72515 51
1736073080131 0.69207 52
1736073131635 0.72456 53
1736073178487 0.70839 54
1736073249873 0.7046 55
1736073295623 0.71216 56
1736073342665 0.70218 57
1736073389398 0.70233 58
1736073436569 0.72265 59
1736073483358 0.71472 60
1736073533106 0.72194 61
1736073588841 0.70568 62
1736073639310 0.67515 63
1736073685777 0.69187 64
1736073732512 0.67914 65
1736073779205 0.70173 66
1736073826171 0.65833 67
1736073873176 0.70081 68
1736073921410 0.70133 69
1736073968319 0.69252 70
1736074015117 0.7144 71
1736074062477 0.71476 72
1736074108787 0.71469 73
1736074155194 0.72366 74
1736074212092 0.69239 75
1736074272402 0.70607 76
1736074630347 0.68652 77
1736074675279 0.69121 78
1736074720307 0.69547 79
1736074765836 0.70285 80
1736074826423 0.69592 81
1736074875002 0.70034 82
1736074920976 0.70614 83
1736074968428 0.70899 84
1736075014740 0.69851 85
1736075071130 0.69231 86
1736075202178 0.71888 87
1736075246961 0.67885 88
1736075292970 0.71802 89
1736075340341 0.69524 90
1736075401954 0.70211 91
1736075447436 0.68652 92
1736075568502 0.70418 93
1736075618129 0.716 94
1736075669001 0.70949 95
1736075718208 0.70932 96
1736075765836 0.67621 97
1736075816880 0.70245 98
1736075863708 0.69099 99
1736075910252 0.70382 100
1736075957048 0.71352 101
1736076003506 0.67426 102
1736076050189 0.69059 103
1736076096740 0.68827 104
1736076145742 0.71174 105
1736076192363 0.68291 106
1736076242558 0.70254 107
1736076289174 0.7 108
1736076337389 0.69102 109
1736076386941 0.70798 110
1736076434598 0.66039 111
1736076501822 0.72628 112
1736076548560 0.71989 113
1736076595715 0.67364 114
1736076643439 0.70584 115
1736076690883 0.71461 116
1736076738390 0.70615 117
1736076785489 0.71711 118
1736076837366 0.69282 119
1736076884562 0.71001 120
1736076931287 0.69721 121
1736076977911 0.70538 122
1736077024597 0.67888 123
1736077071369 0.7006 124
1736077118451 0.69897 125
1736077164880 0.68671 126
1736077211461 0.70029 127
1736077261729 0.69526 128
1736077308265 0.70984 129
1736077358083 0.69763 130
1736077404988 0.70667 131
1736077451784 0.69969 132
1736077498262 0.70376 133
1736077579547 0.68949 134
1736077625554 0.70106 135
1736077674648 0.71006 136
1736077723821 0.69561 137
1736077770527 0.68911 138
1736077817475 0.71717 139
1736077864687 0.69357 140
1736077911410 0.69872 141
1736077958307 0.72196 142
1736078005263 0.69256 143
1736078054866 0.67411 144
1736078109892 0.69269 145
1736078156898 0.71747 146
1736078203822 0.70497 147
1736078216254 0.7377479021749315 147
