1736070352963 0.95812 0
1736070417402 0.87583 1
1736070464073 0.97272 2
1736070509759 0.91399 3
1736070555475 0.97508 4
1736070601182 0.97497 5
1736070647059 0.97621 6
1736070692525 0.97926 7
1736070738051 0.97979 8
1736070784141 0.97915 9
1736070838718 0.98165 10
1736070890961 0.98254 11
1736070936967 0.97238 12
1736070983019 0.9822 13
1736071036979 0.98352 14
1736071084905 0.98254 15
1736071131152 0.98253 16
1736071177579 0.98334 17
1736071224206 0.98295 18
1736071274477 0.98472 19
1736071320571 0.98458 20
1736071370888 0.9836 21
1736071417327 0.9824 22
1736071464025 0.98422 23
1736071510420 0.98444 24
1736071556955 0.98423 25
1736071757830 0.98389 26
1736071802789 0.98543 27
1736071848855 0.98299 28
1736071894321 0.98462 29
1736071940104 0.98354 30
1736071986380 0.98374 31
1736072034788 0.98503 32
1736072081372 0.98229 33
1736072127587 0.98482 34
1736072173822 0.98413 35
1736072220394 0.98412 36
1736072267081 0.98308 37
1736072321868 0.98588 38
1736072368409 0.98356 39
1736072415508 0.9848 40
1736072461702 0.98568 41
1736072560585 0.98523 42
1736072626791 0.98578 43
1736072672652 0.98501 44
1736072726479 0.98446 45
1736072790875 0.9859 46
1736072836304 0.98614 47
1736072893790 0.98503 48
1736072940024 0.98505 49
1736072986586 0.98417 50
1736073032868 0.98461 51
1736073080131 0.98549 52
1736073131635 0.98481 53
1736073178487 0.98554 54
1736073249873 0.98582 55
1736073295623 0.98502 56
1736073342665 0.98573 57
1736073389398 0.9843 58
1736073436569 0.98575 59
1736073483358 0.9859 60
1736073533106 0.9853 61
1736073588841 0.98566 62
1736073639310 0.98539 63
1736073685777 0.9853 64
1736073732512 0.98504 65
1736073779205 0.98557 66
1736073826171 0.98533 67
1736073873176 0.98541 68
1736073921410 0.9848 69
1736073968319 0.98514 70
1736074015117 0.98638 71
1736074062477 0.98491 72
1736074108787 0.98581 73
1736074155194 0.98639 74
1736074212092 0.98557 75
1736074272402 0.98627 76
1736074630347 0.9849 77
1736074675279 0.98608 78
1736074720307 0.98554 79
1736074765836 0.98566 80
1736074826423 0.98578 81
1736074875002 0.98659 82
1736074920976 0.98509 83
1736074968428 0.98593 84
1736075014740 0.98564 85
1736075071130 0.98628 86
1736075202178 0.98543 87
1736075246961 0.98597 88
1736075292970 0.98647 89
1736075340341 0.98521 90
1736075401954 0.98533 91
1736075447436 0.9855 92
1736075568502 0.9852 93
1736075618129 0.98398 94
1736075669001 0.98523 95
1736075718208 0.98555 96
1736075765836 0.98536 97
1736075816880 0.98549 98
1736075863708 0.98604 99
1736075910252 0.98597 100
1736075957048 0.98524 101
1736076003506 0.98493 102
1736076050189 0.98648 103
1736076096740 0.98603 104
1736076145742 0.98575 105
1736076192363 0.98521 106
1736076242558 0.98643 107
1736076289174 0.98593 108
1736076337389 0.98565 109
1736076386941 0.98598 110
1736076434598 0.98451 111
1736076501822 0.98596 112
1736076548560 0.98611 113
1736076595715 0.98379 114
1736076643439 0.98623 115
1736076690883 0.98613 116
1736076738390 0.98629 117
1736076785489 0.98588 118
1736076837366 0.98541 119
1736076884562 0.98635 120
1736076931287 0.98607 121
1736076977911 0.98628 122
1736077024597 0.98507 123
1736077071369 0.98533 124
1736077118451 0.98647 125
1736077164880 0.98587 126
1736077211461 0.98634 127
1736077261729 0.9856 128
1736077308265 0.9859 129
1736077358083 0.98626 130
1736077404988 0.9866 131
1736077451784 0.98615 132
1736077498262 0.98638 133
1736077579547 0.98608 134
1736077625554 0.98582 135
1736077674648 0.98588 136
1736077723821 0.98581 137
1736077770527 0.9863 138
1736077817475 0.98548 139
1736077864687 0.98612 140
1736077911410 0.98638 141
1736077958307 0.98654 142
1736078005263 0.98593 143
1736078054866 0.98566 144
1736078109892 0.98552 145
1736078156898 0.98633 146
1736078203822 0.98607 147
1736078216254 0.9861261052536671 147
