1736070352963 0.89752 0
1736070417402 0.8271 1
1736070464073 0.91772 2
1736070509759 0.8733 3
1736070555475 0.9238 4
1736070601182 0.92975 5
1736070647059 0.928 6
1736070692525 0.92991 7
1736070738051 0.92643 8
1736070784141 0.93456 9
1736070838718 0.93407 10
1736070890961 0.93436 11
1736070936967 0.91344 12
1736070983019 0.93297 13
1736071036979 0.94059 14
1736071084905 0.93545 15
1736071131152 0.93596 16
1736071177579 0.93637 17
1736071224206 0.93736 18
1736071274477 0.94031 19
1736071320571 0.93643 20
1736071370888 0.93522 21
1736071417327 0.93715 22
1736071464025 0.93925 23
1736071510420 0.94075 24
1736071556955 0.93689 25
1736071757830 0.93327 26
1736071802789 0.94023 27
1736071848855 0.9346 28
1736071894321 0.94302 29
1736071940104 0.93399 30
1736071986380 0.9393 31
1736072034788 0.94268 32
1736072081372 0.92992 33
1736072127587 0.93598 34
1736072173822 0.9436 35
1736072220394 0.93471 36
1736072267081 0.93244 37
1736072321868 0.94005 38
1736072368409 0.93564 39
1736072415508 0.93702 40
1736072461702 0.9413 41
1736072560585 0.93826 42
1736072626791 0.94213 43
1736072672652 0.94045 44
1736072726479 0.94117 45
1736072790875 0.93903 46
1736072836304 0.94269 47
1736072893790 0.94075 48
1736072940024 0.9349 49
1736072986586 0.94145 50
1736073032868 0.93877 51
1736073080131 0.94299 52
1736073131635 0.94014 53
1736073178487 0.94293 54
1736073249873 0.94043 55
1736073295623 0.94007 56
1736073342665 0.9399 57
1736073389398 0.93729 58
1736073436569 0.94474 59
1736073483358 0.93771 60
1736073533106 0.94211 61
1736073588841 0.94286 62
1736073639310 0.93551 63
1736073685777 0.93903 64
1736073732512 0.93904 65
1736073779205 0.93925 66
1736073826171 0.94307 67
1736073873176 0.9439 68
1736073921410 0.9408 69
1736073968319 0.94009 70
1736074015117 0.94239 71
1736074062477 0.93749 72
1736074108787 0.93953 73
1736074155194 0.94205 74
1736074212092 0.94293 75
1736074272402 0.9396 76
1736074630347 0.93786 77
1736074675279 0.94235 78
1736074720307 0.94301 79
1736074765836 0.94251 80
1736074826423 0.9404 81
1736074875002 0.94234 82
1736074920976 0.94052 83
1736074968428 0.94437 84
1736075014740 0.93577 85
1736075071130 0.94316 86
1736075202178 0.938 87
1736075246961 0.93869 88
1736075292970 0.94245 89
1736075340341 0.93576 90
1736075401954 0.94289 91
1736075447436 0.94178 92
1736075568502 0.93505 93
1736075618129 0.94032 94
1736075669001 0.93783 95
1736075718208 0.94018 96
1736075765836 0.94296 97
1736075816880 0.94016 98
1736075863708 0.94055 99
1736075910252 0.9419 100
1736075957048 0.94067 101
1736076003506 0.93931 102
1736076050189 0.94148 103
1736076096740 0.94071 104
1736076145742 0.94083 105
1736076192363 0.94269 106
1736076242558 0.94285 107
1736076289174 0.93972 108
1736076337389 0.94488 109
1736076386941 0.94404 110
1736076434598 0.93382 111
1736076501822 0.9433 112
1736076548560 0.94247 113
1736076595715 0.93668 114
1736076643439 0.94073 115
1736076690883 0.94495 116
1736076738390 0.94265 117
1736076785489 0.94128 118
1736076837366 0.9426 119
1736076884562 0.94278 120
1736076931287 0.94507 121
1736076977911 0.94159 122
1736077024597 0.93896 123
1736077071369 0.94044 124
1736077118451 0.941 125
1736077164880 0.94039 126
1736077211461 0.94022 127
1736077261729 0.93919 128
1736077308265 0.9445 129
1736077358083 0.93949 130
1736077404988 0.94207 131
1736077451784 0.94171 132
1736077498262 0.94499 133
1736077579547 0.94457 134
1736077625554 0.94389 135
1736077674648 0.94791 136
1736077723821 0.94502 137
1736077770527 0.94023 138
1736077817475 0.93992 139
1736077864687 0.94031 140
1736077911410 0.9369 141
1736077958307 0.94663 142
1736078005263 0.94093 143
1736078054866 0.94112 144
1736078109892 0.94241 145
1736078156898 0.94192 146
1736078203822 0.94327 147
1736078216254 0.9423160920730418 147
