1736070352963 0.95668 0
1736070417402 0.87394 1
1736070464073 0.9639 2
1736070509759 0.88757 3
1736070555475 0.9611 4
1736070601182 0.9522 5
1736070647059 0.95886 6
1736070692525 0.96588 7
1736070738051 0.95846 8
1736070784141 0.96395 9
1736070838718 0.96823 10
1736070890961 0.96878 11
1736070936967 0.9431 12
1736070983019 0.96451 13
1736071036979 0.96008 14
1736071084905 0.96288 15
1736071131152 0.95876 16
1736071177579 0.96196 17
1736071224206 0.96563 18
1736071274477 0.96527 19
1736071320571 0.97001 20
1736071370888 0.96629 21
1736071417327 0.96242 22
1736071464025 0.96242 23
1736071510420 0.96252 24
1736071556955 0.96669 25
1736071757830 0.96644 26
1736071802789 0.96715 27
1736071848855 0.96537 28
1736071894321 0.96486 29
1736071940104 0.95947 30
1736071986380 0.9669 31
1736072034788 0.96405 32
1736072081372 0.96608 33
1736072127587 0.9672 34
1736072173822 0.96207 35
1736072220394 0.96751 36
1736072267081 0.9669 37
1736072321868 0.9673 38
1736072368409 0.96278 39
1736072415508 0.96912 40
1736072461702 0.96451 41
1736072560585 0.96812 42
1736072626791 0.96659 43
1736072672652 0.96526 44
1736072726479 0.96319 45
1736072790875 0.9648 46
1736072836304 0.9643 47
1736072893790 0.96781 48
1736072940024 0.96979 49
1736072986586 0.96152 50
1736073032868 0.96523 51
1736073080131 0.9655 52
1736073131635 0.96469 53
1736073178487 0.96207 54
1736073249873 0.96574 55
1736073295623 0.96705 56
1736073342665 0.96563 57
1736073389398 0.96742 58
1736073436569 0.96324 59
1736073483358 0.96858 60
1736073533106 0.96483 61
1736073588841 0.96406 62
1736073639310 0.96425 63
1736073685777 0.96249 64
1736073732512 0.96577 65
1736073779205 0.96776 66
1736073826171 0.96319 67
1736073873176 0.96069 68
1736073921410 0.96273 69
1736073968319 0.96583 70
1736074015117 0.96385 71
1736074062477 0.96932 72
1736074108787 0.96703 73
1736074155194 0.96695 74
1736074212092 0.96357 75
1736074272402 0.96826 76
1736074630347 0.96603 77
1736074675279 0.96522 78
1736074720307 0.96252 79
1736074765836 0.96522 80
1736074826423 0.96836 81
1736074875002 0.96822 82
1736074920976 0.96674 83
1736074968428 0.96532 84
1736075014740 0.96959 85
1736075071130 0.9636 86
1736075202178 0.96935 87
1736075246961 0.96959 88
1736075292970 0.96603 89
1736075340341 0.96868 90
1736075401954 0.9679 91
1736075447436 0.96496 92
1736075568502 0.97051 93
1736075618129 0.96725 94
1736075669001 0.96974 95
1736075718208 0.96791 96
1736075765836 0.9617 97
1736075816880 0.96515 98
1736075863708 0.97025 99
1736075910252 0.96598 100
1736075957048 0.96771 101
1736076003506 0.96723 102
1736076050189 0.96786 103
1736076096740 0.96649 104
1736076145742 0.96788 105
1736076192363 0.96601 106
1736076242558 0.96549 107
1736076289174 0.96812 108
1736076337389 0.96252 109
1736076386941 0.966 110
1736076434598 0.967 111
1736076501822 0.96609 112
1736076548560 0.96588 113
1736076595715 0.96954 114
1736076643439 0.96791 115
1736076690883 0.96517 116
1736076738390 0.96456 117
1736076785489 0.96797 118
1736076837366 0.9643 119
1736076884562 0.96598 120
1736076931287 0.96613 121
1736076977911 0.96639 122
1736077024597 0.96763 123
1736077071369 0.9669 124
1736077118451 0.96863 125
1736077164880 0.96878 126
1736077211461 0.96769 127
1736077261729 0.96974 128
1736077308265 0.96566 129
1736077358083 0.97025 130
1736077404988 0.9671 131
1736077451784 0.96761 132
1736077498262 0.96629 133
1736077579547 0.96533 134
1736077625554 0.96399 135
1736077674648 0.96147 136
1736077723821 0.96498 137
1736077770527 0.96953 138
1736077817475 0.96975 139
1736077864687 0.96939 140
1736077911410 0.9729 141
1736077958307 0.96624 142
1736078005263 0.96958 143
1736078054866 0.96746 144
1736078109892 0.96873 145
1736078156898 0.96802 146
1736078203822 0.96735 147
1736078216254 0.9652326993931793 147
