1736394000965 0.07003174603174603 0
1736394109007 0.04001886222718255 1
1736394216052 0.009993087797619038 2
1736394321332 0.0099419921875 3
1736394427517 0.00992265625 4
1736394533247 0.0099033203125 5
1736394639942 0.009883984375 6
1736394745927 0.0098646484375 7
1736394853098 0.0098453125 8
1736394959613 0.0098259765625 9
1736395065674 0.009806640625 10
1736395171292 0.0097873046875 11
1736395277133 0.00976796875 12
1736395383340 0.0097486328125 13
1736395490118 0.009729296875 14
1736395596268 0.0097099609375 15
1736395702710 0.009690625000000001 16
1736395809518 0.009671289062500001 17
1736395915145 0.009651953125 18
1736396021145 0.0096326171875 19
1736396127951 0.00961328125 20
1736396233636 0.0095939453125 21
1736396340275 0.009574609375000001 22
1736396446905 0.009555273437500001 23
1736396553550 0.009535937500000001 24
1736396659435 0.009516601562500001 25
1736396765292 0.009497265625 26
1736396871541 0.0094779296875 27
1736396976997 0.009458593749999999 28
1736397082122 0.0094392578125 29
1736397188505 0.009419921875 30
1736397295018 0.0094005859375 31
1736397402323 0.00938125 32
1736397508918 0.0093619140625 33
1736397615758 0.009342578124999999 34
1736397722114 0.0093232421875 35
1736397829765 0.00930390625 36
1736397935861 0.0092845703125 37
1736398040889 0.009265234375 38
1736398147142 0.0092458984375 39
1736398252249 0.0092265625 40
1736398358189 0.0092072265625 41
1736398464084 0.009187890625 42
1736398570086 0.0091685546875 43
