1736317222327 1.60436 0
1736317299072 1.33628 1
1736317378445 1.32056 2
1736317454645 1.25773 3
1736317528784 1.2411 4
1736317603114 1.23418 5
1736317677200 1.20804 6
1736317752007 1.18875 7
1736317826129 1.16187 8
1736317900140 1.16546 9
1736317974795 1.16806 10
1736318049563 1.14575 11
1736318123662 1.14914 12
1736318197474 1.14462 13
1736318271596 1.13872 14
1736318345586 1.13679 15
1736318419422 1.11852 16
1736318493554 1.12035 17
1736318568350 1.11507 18
1736318641907 1.11688 19
1736318715989 1.12769 20
1736318789205 1.09876 21
1736318864244 1.09903 22
1736318938039 1.1054 23
1736319011498 1.08581 24
1736319084731 1.08769 25
1736319158010 1.09028 26
1736319230970 1.09385 27
1736319304425 1.08078 28
1736319378072 1.06334 29
1736319451685 1.07513 30
1736319525107 1.07911 31
1736319597879 1.08321 32
1736319671552 1.05712 33
1736319744941 1.06264 34
1736319817636 1.05454 35
1736319891094 1.05362 36
1736319964437 1.06555 37
1736320038934 1.06155 38
1736320112325 1.04265 39
1736320185700 1.05136 40
1736320258916 1.05111 41
1736320332319 1.04137 42
1736320405754 1.04887 43
1736320478744 1.05134 44
1736320552098 1.03769 45
1736320626582 1.04172 46
1736320699682 1.03855 47
1736320772651 1.04095 48
1736320846033 1.03455 49
1736320919282 1.02773 50
1736320992809 1.03093 51
1736321066293 1.03719 52
1736321139711 1.01837 53
1736321212921 1.03154 54
1736321286181 1.02713 55
1736321359451 1.01955 56
1736321432203 1.02539 57
1736321505502 1.01445 58
1736321578905 1.01927 59
1736321652604 1.0098 60
1736321725736 1.01445 61
1736321798289 1.01345 62
1736321871574 1.01082 63
1736321945001 1.01315 64
1736322018373 1.01638 65
1736322091447 1.0133 66
1736322164556 1.01167 67
1736322237955 1.01292 68
1736322311523 1.00256 69
1736322384294 0.99632 70
1736322458205 1.00421 71
1736322531128 1.0086 72
1736322603700 1.00331 73
1736322677194 1.00213 74
1736322750637 0.9922 75
1736322823551 0.99645 76
1736322896704 1.00302 77
1736322970060 0.99275 78
1736323043161 0.99915 79
1736323116227 0.99611 80
1736323189117 0.99323 81
1736323262750 0.98723 82
1736323336624 0.98588 83
1736323410229 0.99335 84
1736323483212 0.98658 85
1736323556158 0.98463 86
1736323630247 0.99137 87
1736323703616 0.98469 88
1736323776493 0.98915 89
1736323848516 0.97724 90
1736323920812 0.9856 91
1736323993958 0.97871 92
1736324067222 0.97676 93
1736324140590 0.97309 94
1736324214190 0.97621 95
1736324288131 0.97095 96
1736324361664 0.96636 97
1736324435102 0.97599 98
1736324509244 0.97987 99
1736324583254 0.96652 100
1736324657378 0.96764 101
1736324731324 0.96304 102
1736324805700 0.96312 103
1736324879530 0.96316 104
1736324953469 0.96713 105
1736325027444 0.9661 106
1736325102911 0.95851 107
1736325178914 0.96418 108
1736325254861 0.95231 109
1736325329635 0.9518 110
1736325404265 0.95332 111
1736325477990 0.95318 112
1736325551632 0.94914 113
1736325626449 0.95082 114
1736325700612 0.95217 115
1736325775010 0.94612 116
1736325849318 0.95137 117
1736325952900 0.95702 118
1736326023675 0.94793 119
1736326095538 0.9538 120
1736326167072 0.94711 121
1736326237347 0.93881 122
1736326308423 0.94315 123
1736326379779 0.94015 124
1736326451415 0.93956 125
1736326522812 0.93871 126
1736326593684 0.93591 127
