1736317222327 0.88427 0
1736317299072 0.62787 1
1736317378445 0.61014 2
1736317454645 0.57503 3
1736317528784 0.55731 4
1736317603114 0.55276 5
1736317677200 0.54123 6
1736317752007 0.53207 7
1736317826129 0.51904 8
1736317900140 0.51357 9
1736317974795 0.51017 10
1736318049563 0.50442 11
1736318123662 0.50481 12
1736318197474 0.50242 13
1736318271596 0.49752 14
1736318345586 0.49119 15
1736318419422 0.48827 16
1736318493554 0.48611 17
1736318568350 0.48744 18
1736318641907 0.48344 19
1736318715989 0.48879 20
1736318789205 0.47865 21
1736318864244 0.47135 22
1736318938039 0.47588 23
1736319011498 0.46798 24
1736319084731 0.47069 25
1736319158010 0.46921 26
1736319230970 0.47064 27
1736319304425 0.46607 28
1736319378072 0.45993 29
1736319451685 0.46294 30
1736319525107 0.46103 31
1736319597879 0.46364 32
1736319671552 0.45468 33
1736319744941 0.45561 34
1736319817636 0.44952 35
1736319891094 0.44799 36
1736319964437 0.45366 37
1736320038934 0.44978 38
1736320112325 0.44803 39
1736320185700 0.44793 40
1736320258916 0.44858 41
1736320332319 0.44344 42
1736320405754 0.44443 43
1736320478744 0.44714 44
1736320552098 0.44298 45
1736320626582 0.4423 46
1736320699682 0.44441 47
1736320772651 0.43959 48
1736320846033 0.43906 49
1736320919282 0.4357 50
1736320992809 0.43972 51
1736321066293 0.43958 52
1736321139711 0.43134 53
1736321212921 0.43582 54
1736321286181 0.43565 55
1736321359451 0.43393 56
1736321432203 0.43492 57
1736321505502 0.42974 58
1736321578905 0.43017 59
1736321652604 0.42789 60
1736321725736 0.42985 61
1736321798289 0.43145 62
1736321871574 0.42774 63
1736321945001 0.42686 64
1736322018373 0.43036 65
1736322091447 0.42708 66
1736322164556 0.42505 67
1736322237955 0.42723 68
1736322311523 0.42262 69
1736322384294 0.42118 70
1736322458205 0.4237 71
1736322531128 0.42285 72
1736322603700 0.42463 73
1736322677194 0.42316 74
1736322750637 0.41914 75
1736322823551 0.42005 76
1736322896704 0.42133 77
1736322970060 0.41648 78
1736323043161 0.42235 79
1736323116227 0.4192 80
1736323189117 0.41816 81
1736323262750 0.41583 82
1736323336624 0.41657 83
1736323410229 0.42006 84
1736323483212 0.41499 85
1736323556158 0.41546 86
1736323630247 0.41708 87
1736323703616 0.41323 88
1736323776493 0.41485 89
1736323848516 0.41353 90
1736323920812 0.41627 91
1736323993958 0.41073 92
1736324067222 0.40977 93
1736324140590 0.41068 94
1736324214190 0.40929 95
1736324288131 0.40857 96
1736324361664 0.40655 97
1736324435102 0.40872 98
1736324509244 0.40847 99
1736324583254 0.40578 100
1736324657378 0.40559 101
1736324731324 0.40603 102
1736324805700 0.40483 103
1736324879530 0.40454 104
1736324953469 0.4053 105
1736325027444 0.40502 106
1736325102911 0.4024 107
1736325178914 0.40358 108
1736325254861 0.40073 109
1736325329635 0.4005 110
1736325404265 0.40098 111
1736325477990 0.40068 112
1736325551632 0.39708 113
1736325626449 0.39937 114
1736325700612 0.39905 115
1736325775010 0.39722 116
1736325849318 0.40017 117
1736325952900 0.38771 118
1736326023675 0.38565 119
1736326095538 0.38529 120
1736326167072 0.38395 121
1736326237347 0.38125 122
1736326308423 0.38256 123
1736326379779 0.38218 124
1736326451415 0.38069 125
1736326522812 0.38015 126
1736326593684 0.37889 127
