1736317222327 1.49488 0
1736317299072 1.30425 1
1736317378445 1.28579 2
1736317454645 1.24911 3
1736317528784 1.2381 4
1736317603114 1.23955 5
1736317677200 1.211 6
1736317752007 1.21507 7
1736317826129 1.19406 8
1736317900140 1.1954 9
1736317974795 1.2027 10
1736318049563 1.1872 11
1736318123662 1.19419 12
1736318197474 1.18861 13
1736318271596 1.18127 14
1736318345586 1.1829 15
1736318419422 1.16891 16
1736318493554 1.17199 17
1736318568350 1.16756 18
1736318641907 1.16432 19
1736318715989 1.18053 20
1736318789205 1.15539 21
1736318864244 1.16145 22
1736318938039 1.16374 23
1736319011498 1.14779 24
1736319084731 1.14472 25
1736319158010 1.16004 26
1736319230970 1.15827 27
1736319304425 1.14098 28
1736319378072 1.14159 29
1736319451685 1.14045 30
1736319525107 1.15103 31
1736319597879 1.14757 32
1736319671552 1.13468 33
1736319744941 1.14051 34
1736319817636 1.12869 35
1736319891094 1.12912 36
1736319964437 1.13926 37
1736320038934 1.12889 38
1736320112325 1.12357 39
1736320185700 1.13223 40
1736320258916 1.13645 41
1736320332319 1.12085 42
1736320405754 1.12719 43
1736320478744 1.12803 44
1736320552098 1.11822 45
1736320626582 1.12249 46
1736320699682 1.12383 47
1736320772651 1.12979 48
1736320846033 1.1226 49
1736320919282 1.11784 50
1736320992809 1.11475 51
1736321066293 1.12077 52
1736321139711 1.10651 53
1736321212921 1.12545 54
1736321286181 1.12076 55
1736321359451 1.1208 56
1736321432203 1.10843 57
1736321505502 1.10995 58
1736321578905 1.10821 59
1736321652604 1.10257 60
1736321725736 1.10837 61
1736321798289 1.11029 62
1736321871574 1.10936 63
1736321945001 1.10132 64
1736322018373 1.1162 65
1736322091447 1.11407 66
1736322164556 1.10798 67
1736322237955 1.1051 68
1736322311523 1.09954 69
1736322384294 1.1006 70
1736322458205 1.09891 71
1736322531128 1.1037 72
1736322603700 1.1153 73
1736322677194 1.10755 74
1736322750637 1.09803 75
1736322823551 1.09228 76
1736322896704 1.10992 77
1736322970060 1.09337 78
1736323043161 1.10082 79
1736323116227 1.09384 80
1736323189117 1.09687 81
1736323262750 1.09819 82
1736323336624 1.09414 83
1736323410229 1.09865 84
1736323483212 1.09162 85
1736323556158 1.09172 86
1736323630247 1.09492 87
1736323703616 1.09016 88
1736323776493 1.0961 89
1736323848516 1.08815 90
1736323920812 1.09736 91
1736323993958 1.07994 92
1736324067222 1.0827 93
1736324140590 1.09004 94
1736324214190 1.08703 95
1736324288131 1.08326 96
1736324361664 1.0856 97
1736324435102 1.0903 98
1736324509244 1.08847 99
1736324583254 1.08215 100
1736324657378 1.07479 101
1736324731324 1.08126 102
1736324805700 1.0817 103
1736324879530 1.08519 104
1736324953469 1.08114 105
1736325027444 1.07524 106
1736325102911 1.07801 107
1736325178914 1.07709 108
1736325254861 1.07029 109
1736325329635 1.0687 110
1736325404265 1.0675 111
1736325477990 1.0693 112
1736325551632 1.07361 113
1736325626449 1.07182 114
1736325700612 1.0736 115
1736325775010 1.06751 116
1736325849318 1.06313 117
1736325952900 1.11675 118
1736326023675 1.10553 119
1736326095538 1.11517 120
1736326167072 1.10879 121
1736326237347 1.10979 122
1736326308423 1.10318 123
1736326379779 1.10659 124
1736326451415 1.11174 125
1736326522812 1.10637 126
1736326593684 1.09805 127
