1736490103147 1.42851 0
1736490197475 1.39038 1
1736490291740 1.31533 2
1736490384520 1.29912 3
1736490477221 1.25022 4
1736490568556 1.22225 5
1736490658866 1.20724 6
1736490749610 1.20885 7
1736490839303 1.18656 8
1736490930459 1.17765 9
1736491021235 1.18479 10
1736491110762 1.16959 11
1736491201382 1.15527 12
1736491290778 1.14681 13
1736491380714 1.14655 14
1736491470145 1.13865 15
1736491560501 1.12523 16
1736491649766 1.11807 17
1736491740005 1.10549 18
1736491829889 1.09983 19
1736491920015 1.11473 20
1736492009817 1.1003 21
1736492100799 1.09134 22
1736492189974 1.1001 23
1736492279117 1.09826 24
1736492368294 1.07213 25
1736492455358 1.09324 26
1736492545098 1.06885 27
1736492635817 1.07471 28
1736492725929 1.06324 29
1736492815821 1.0654 30
1736492903462 1.06686 31
1736492992954 1.06437 32
1736493082741 1.0601 33
1736493172749 1.0654 34
1736493262827 1.05163 35
1736493353734 1.06136 36
1736493443729 1.04322 37
1736493533391 1.05841 38
1736493622676 1.0451 39
1736493712007 1.0388 40
1736493801335 1.04566 41
1736493890450 1.03444 42
1736493979648 1.046 43
1736494069112 1.03466 44
1736494158103 1.02144 45
1736494247406 1.04814 46
1736494336766 1.02688 47
1736494425924 1.02813 48
1736494515739 1.04226 49
1736494605127 1.03633 50
1736494694990 1.0248 51
1736494783725 1.03034 52
1736494872543 1.03092 53
1736494961375 1.02834 54
1736495051050 1.01839 55
1736495141692 1.02856 56
1736495231112 1.03067 57
1736495321062 1.00331 58
1736495411644 1.00485 59
1736495501423 1.0071 60
1736495593429 1.00634 61
1736495684855 1.01494 62
1736495777211 1.02006 63
1736495868218 1.01504 64
1736495960609 1.0159 65
1736496051584 1.01692 66
1736496142514 1.0276 67
1736496234166 1.00383 68
1736496325763 1.00346 69
1736496416510 0.99103 70
1736496505713 0.99244 71
1736496596430 0.99452 72
1736496686696 0.99901 73
1736496777456 0.99669 74
1736496867284 0.9995 75
1736496958753 1.01331 76
1736497048544 1.00273 77
1736497139170 1.01131 78
1736497229491 0.99798 79
1736497320168 1.01036 80
1736497410687 1.00484 81
1736497502116 0.99435 82
1736497592926 0.98264 83
1736497682934 0.99209 84
1736497772842 0.99438 85
1736497863502 0.98175 86
1736497954017 0.98998 87
1736498044185 0.99617 88
1736498134372 1.00017 89
1736498224279 1.00322 90
1736498314118 0.99406 91
1736498404844 0.98295 92
1736498494888 1.01283 93
1736498585746 0.99691 94
1736498676012 0.98314 95
1736498781915 0.97345 96
1736498872543 0.97718 97
1736498963675 0.98367 98
1736499054172 0.98773 99
1736499144497 0.99247 100
1736499234774 0.97305 101
1736499325719 0.98764 102
1736499416111 0.98247 103
1736499506800 0.98355 104
1736499596963 0.98091 105
1736499688603 0.96928 106
1736499778992 0.96889 107
1736499868820 0.96319 108
1736499958679 0.97046 109
1736500048814 0.97581 110
1736500137082 0.97859 111
1736500227030 0.97525 112
1736500317419 0.97214 113
1736500406734 0.97497 114
1736500498033 0.96483 115
1736500587574 0.96301 116
1736500678687 0.97252 117
1736500768492 0.9744 118
1736500858589 0.9699 119
1736500948212 0.96484 120
1736501037713 0.96381 121
1736501127826 0.96529 122
1736501218564 0.95896 123
1736501308247 0.97121 124
1736501398979 0.96757 125
1736501488006 0.9592 126
1736501577401 0.95873 127
1736501667726 0.96259 128
1736501758951 0.96405 129
1736501848264 0.94854 130
1736501938112 0.96264 131
1736502027991 0.96449 132
1736502117402 0.96828 133
1736502207096 0.95125 134
1736502298392 0.94945 135
1736502388385 0.9497 136
1736502479567 0.96807 137
1736502570268 0.96799 138
1736502661272 0.9679 139
1736502750465 0.96354 140
1736502838445 0.96317 141
1736502929281 0.95253 142
1736503020205 0.9801 143
1736503109598 0.95312 144
1736503197163 0.96883 145
1736503286633 0.96491 146
1736503890990 0.95198 147
1736503970942 0.94983 148
1736504056949 0.95446 149
1736504148408 0.95385 150
1736504239309 0.94955 151
1736504328940 0.95132 152
1736504417312 0.95674 153
1736504506639 0.96072 154
1736504597157 0.95255 155
1736504686133 0.95944 156
1736504776290 0.94171 157
1736504866769 0.94851 158
1736504957122 0.95167 159
1736505046533 0.95215 160
1736505136474 0.94477 161
1736505225786 0.95415 162
1736505315779 0.94569 163
1736505406039 0.96237 164
1736505495556 0.94914 165
1736505584879 0.95603 166
1736505674286 0.94148 167
1736505763387 0.94203 168
1736505851533 0.94313 169
1736505942000 0.93734 170
1736506032088 0.93479 171
1736506121203 0.94524 172
1736506211748 0.94466 173
1736506301435 0.92866 174
1736506390860 0.93555 175
1736506480724 0.94475 176
1736506571240 0.93365 177
1736506661000 0.94101 178
1736506750122 0.94337 179
1736506840504 0.93233 180
1736506928991 0.94487 181
1736507076481 0.93278 182
1736507158743 0.92583 183
1736507247718 0.92164 184
1736507336982 0.93898 185
1736507426504 0.94141 186
1736507516629 0.94067 187
1736507606434 0.93362 188
1736507697790 0.92854 189
1736507787057 0.9379 190
1736507876395 0.93722 191
1736507965324 0.9436 192
1736508055252 0.92969 193
1736508144636 0.93774 194
1736508234509 0.93601 195
1736508325558 0.92826 196
1736508415003 0.92943 197
1736508504248 0.9352 198
1736508594348 0.93765 199
1736508683947 0.92857 200
1736508774204 0.94239 201
1736508864165 0.93343 202
1736508954084 0.92442 203
1736509044001 0.94143 204
1736509133790 0.92766 205
1736509223585 0.92296 206
1736509313983 0.92827 207
1736509401643 0.92896 208
1736509490627 0.93627 209
1736509581349 0.94026 210
1736509671268 0.91994 211
1736509760125 0.92929 212
1736509849603 0.92964 213
1736509939310 0.9263 214
1736510028782 0.93754 215
1736510119263 0.93022 216
1736510208628 0.91977 217
1736510298753 0.93225 218
1736510388028 0.94129 219
1736510480093 0.92137 220
1736510569506 0.9206 221
1736510659629 0.92699 222
1736510748104 0.90998 223
1736510838839 0.92095 224
1736510926981 0.92952 225
1736511017242 0.92408 226
1736511106216 0.93652 227
1736511198997 0.91795 228
1736511288436 0.92805 229
1736511378709 0.92433 230
1736511466937 0.93973 231
1736511557109 0.91856 232
1736511647504 0.91035 233
1736511736932 0.90238 234
1736511827381 0.91461 235
1736511917822 0.91167 236
1736512006083 0.92281 237
1736512096322 0.91983 238
1736512184704 0.92111 239
1736512275695 0.91592 240
1736512365706 0.91422 241
1736512456720 0.92432 242
1736512546126 0.91979 243
1736512637030 0.91738 244
1736512725323 0.91677 245
1736512815440 0.91245 246
1736512905049 0.90094 247
1736512995709 0.92736 248
1736513084548 0.92334 249
1736513175313 0.90558 250
1736513265535 0.89359 251
1736513356106 0.89997 252
1736513446033 0.92538 253
1736513536457 0.90676 254
1736513626364 0.90567 255
1736513717348 0.90822 256
1736513807610 0.91311 257
1736513897630 0.91362 258
1736513987842 0.90035 259
1736514078726 0.92001 260
1736514168879 0.91196 261
1736514258229 0.90822 262
1736514348474 0.90088 263
1736514438953 0.90867 264
1736514526916 0.9064 265
1736514617712 0.91223 266
1736514707413 0.90378 267
1736514797678 0.89835 268
1736514887617 0.9132 269
1736514978450 0.90372 270
1736515067908 0.89522 271
1736515158571 0.8988 272
1736515248232 0.90332 273
1736515338180 0.89501 274
1736515427995 0.90945 275
1736515517069 0.88889 276
1736515606317 0.90401 277
1736515696908 0.89281 278
1736515786474 0.88386 279
