1736490103147 0.98992 0
1736490197475 0.89761 1
1736490291740 0.83259 2
1736490384520 0.83012 3
1736490477221 0.76578 4
1736490568556 0.72263 5
1736490658866 0.6993 6
1736490749610 0.71261 7
1736490839303 0.68358 8
1736490930459 0.67104 9
1736491021235 0.67185 10
1736491110762 0.66337 11
1736491201382 0.65175 12
1736491290778 0.64039 13
1736491380714 0.64133 14
1736491470145 0.64097 15
1736491560501 0.62385 16
1736491649766 0.6197 17
1736491740005 0.61503 18
1736491829889 0.60604 19
1736491920015 0.6068 20
1736492009817 0.60132 21
1736492100799 0.60155 22
1736492189974 0.6011 23
1736492279117 0.59517 24
1736492368294 0.58579 25
1736492455358 0.59692 26
1736492545098 0.58007 27
1736492635817 0.58022 28
1736492725929 0.58217 29
1736492815821 0.5757 30
1736492903462 0.5791 31
1736492992954 0.57337 32
1736493082741 0.56707 33
1736493172749 0.57259 34
1736493262827 0.56295 35
1736493353734 0.56475 36
1736493443729 0.56623 37
1736493533391 0.57746 38
1736493622676 0.55893 39
1736493712007 0.55437 40
1736493801335 0.56239 41
1736493890450 0.56504 42
1736493979648 0.56547 43
1736494069112 0.55899 44
1736494158103 0.54653 45
1736494247406 0.5545 46
1736494336766 0.55193 47
1736494425924 0.54743 48
1736494515739 0.54855 49
1736494605127 0.54858 50
1736494694990 0.54679 51
1736494783725 0.54758 52
1736494872543 0.54971 53
1736494961375 0.5388 54
1736495051050 0.54252 55
1736495141692 0.53679 56
1736495231112 0.54421 57
1736495321062 0.53052 58
1736495411644 0.52421 59
1736495501423 0.53529 60
1736495593429 0.53597 61
1736495684855 0.5344 62
1736495777211 0.54396 63
1736495868218 0.53153 64
1736495960609 0.53439 65
1736496051584 0.53224 66
1736496142514 0.53293 67
1736496234166 0.53068 68
1736496325763 0.52423 69
1736496416510 0.522 70
1736496505713 0.51906 71
1736496596430 0.52842 72
1736496686696 0.51978 73
1736496777456 0.51671 74
1736496867284 0.522 75
1736496958753 0.52635 76
1736497048544 0.51795 77
1736497139170 0.51932 78
1736497229491 0.52421 79
1736497320168 0.52454 80
1736497410687 0.524 81
1736497502116 0.5223 82
1736497592926 0.51341 83
1736497682934 0.5195 84
1736497772842 0.5148 85
1736497863502 0.51447 86
1736497954017 0.5164 87
1736498044185 0.51563 88
1736498134372 0.51688 89
1736498224279 0.51562 90
1736498314118 0.51758 91
1736498404844 0.50992 92
1736498494888 0.52512 93
1736498585746 0.51597 94
1736498676012 0.51588 95
1736498781915 0.50468 96
1736498872543 0.51207 97
1736498963675 0.51338 98
1736499054172 0.50252 99
1736499144497 0.51782 100
1736499234774 0.50633 101
1736499325719 0.51087 102
1736499416111 0.51395 103
1736499506800 0.50528 104
1736499596963 0.50758 105
1736499688603 0.50317 106
1736499778992 0.49595 107
1736499868820 0.49892 108
1736499958679 0.50198 109
1736500048814 0.50986 110
1736500137082 0.50051 111
1736500227030 0.50162 112
1736500317419 0.49664 113
1736500406734 0.4991 114
1736500498033 0.49226 115
1736500587574 0.49338 116
1736500678687 0.49696 117
1736500768492 0.49531 118
1736500858589 0.49652 119
1736500948212 0.49732 120
1736501037713 0.4972 121
1736501127826 0.49296 122
1736501218564 0.49612 123
1736501308247 0.49944 124
1736501398979 0.49109 125
1736501488006 0.50044 126
1736501577401 0.50512 127
1736501667726 0.4898 128
1736501758951 0.49703 129
1736501848264 0.48993 130
1736501938112 0.48764 131
1736502027991 0.49686 132
1736502117402 0.50066 133
1736502207096 0.48788 134
1736502298392 0.48923 135
1736502388385 0.48832 136
1736502479567 0.49158 137
1736502570268 0.49378 138
1736502661272 0.48795 139
1736502750465 0.49243 140
1736502838445 0.47942 141
1736502929281 0.48435 142
1736503020205 0.49403 143
1736503109598 0.48355 144
1736503197163 0.49946 145
1736503286633 0.49706 146
1736503890990 0.47769 147
1736503970942 0.48454 148
1736504056949 0.4847 149
1736504148408 0.48564 150
1736504239309 0.48728 151
1736504328940 0.49146 152
1736504417312 0.48252 153
1736504506639 0.4837 154
1736504597157 0.47961 155
1736504686133 0.48361 156
1736504776290 0.47518 157
1736504866769 0.48009 158
1736504957122 0.48647 159
1736505046533 0.4831 160
1736505136474 0.48134 161
1736505225786 0.48259 162
1736505315779 0.48082 163
1736505406039 0.48833 164
1736505495556 0.47664 165
1736505584879 0.48173 166
1736505674286 0.4747 167
1736505763387 0.47787 168
1736505851533 0.47602 169
1736505942000 0.47991 170
1736506032088 0.47799 171
1736506121203 0.48418 172
1736506211748 0.48104 173
1736506301435 0.4735 174
1736506390860 0.47397 175
1736506480724 0.4759 176
1736506571240 0.47513 177
1736506661000 0.48538 178
1736506750122 0.47548 179
1736506840504 0.46568 180
1736506928991 0.48189 181
1736507076481 0.46737 182
1736507158743 0.47321 183
1736507247718 0.46907 184
1736507336982 0.47132 185
1736507426504 0.47714 186
1736507516629 0.4699 187
1736507606434 0.46752 188
1736507697790 0.4608 189
1736507787057 0.46975 190
1736507876395 0.47241 191
1736507965324 0.47757 192
1736508055252 0.46962 193
1736508144636 0.47306 194
1736508234509 0.46907 195
1736508325558 0.47498 196
1736508415003 0.46227 197
1736508504248 0.46576 198
1736508594348 0.46347 199
1736508683947 0.46163 200
1736508774204 0.47505 201
1736508864165 0.468 202
1736508954084 0.46588 203
1736509044001 0.47343 204
1736509133790 0.46486 205
1736509223585 0.46517 206
1736509313983 0.46735 207
1736509401643 0.46846 208
1736509490627 0.45827 209
1736509581349 0.46748 210
1736509671268 0.46322 211
1736509760125 0.46146 212
1736509849603 0.46543 213
1736509939310 0.47103 214
1736510028782 0.468 215
1736510119263 0.46094 216
1736510208628 0.46119 217
1736510298753 0.46605 218
1736510388028 0.46871 219
1736510480093 0.46082 220
1736510569506 0.45236 221
1736510659629 0.46487 222
1736510748104 0.45744 223
1736510838839 0.46175 224
1736510926981 0.46425 225
1736511017242 0.46314 226
1736511106216 0.46501 227
1736511198997 0.46014 228
1736511288436 0.46366 229
1736511378709 0.45898 230
1736511466937 0.4685 231
1736511557109 0.45627 232
1736511647504 0.45595 233
1736511736932 0.45794 234
1736511827381 0.45544 235
1736511917822 0.4549 236
1736512006083 0.44897 237
1736512096322 0.45335 238
1736512184704 0.4529 239
1736512275695 0.45806 240
1736512365706 0.45311 241
1736512456720 0.46371 242
1736512546126 0.45204 243
1736512637030 0.45744 244
1736512725323 0.46201 245
1736512815440 0.45741 246
1736512905049 0.44384 247
1736512995709 0.45773 248
1736513084548 0.45688 249
1736513175313 0.45129 250
1736513265535 0.45207 251
1736513356106 0.44326 252
1736513446033 0.46031 253
1736513536457 0.45556 254
1736513626364 0.44561 255
1736513717348 0.45446 256
1736513807610 0.45512 257
1736513897630 0.45268 258
1736513987842 0.44857 259
1736514078726 0.45681 260
1736514168879 0.44695 261
1736514258229 0.44933 262
1736514348474 0.44374 263
1736514438953 0.44794 264
1736514526916 0.45533 265
1736514617712 0.44985 266
1736514707413 0.44938 267
1736514797678 0.4493 268
1736514887617 0.44918 269
1736514978450 0.44552 270
1736515067908 0.45123 271
1736515158571 0.45034 272
1736515248232 0.44194 273
1736515338180 0.44039 274
1736515427995 0.45269 275
1736515517069 0.45116 276
1736515606317 0.45181 277
1736515696908 0.45447 278
1736515786474 0.43999 279
