1736490103147 1.41547 0
1736490197475 1.42438 1
1736490291740 1.39665 2
1736490384520 1.38842 3
1736490477221 1.35792 4
1736490568556 1.34566 5
1736490658866 1.34302 6
1736490749610 1.35142 7
1736490839303 1.32582 8
1736490930459 1.32273 9
1736491021235 1.32015 10
1736491110762 1.31494 11
1736491201382 1.31183 12
1736491290778 1.30833 13
1736491380714 1.30217 14
1736491470145 1.30799 15
1736491560501 1.29688 16
1736491649766 1.2945 17
1736491740005 1.28535 18
1736491829889 1.28551 19
1736491920015 1.28369 20
1736492009817 1.28036 21
1736492100799 1.28402 22
1736492189974 1.28158 23
1736492279117 1.28754 24
1736492368294 1.27419 25
1736492455358 1.28023 26
1736492545098 1.26497 27
1736492635817 1.26998 28
1736492725929 1.25707 29
1736492815821 1.25687 30
1736492903462 1.26611 31
1736492992954 1.26563 32
1736493082741 1.2663 33
1736493172749 1.26546 34
1736493262827 1.26261 35
1736493353734 1.26488 36
1736493443729 1.25784 37
1736493533391 1.26291 38
1736493622676 1.25341 39
1736493712007 1.24471 40
1736493801335 1.2625 41
1736493890450 1.26477 42
1736493979648 1.25935 43
1736494069112 1.24951 44
1736494158103 1.23749 45
1736494247406 1.25224 46
1736494336766 1.23726 47
1736494425924 1.24275 48
1736494515739 1.25012 49
1736494605127 1.25386 50
1736494694990 1.24929 51
1736494783725 1.24842 52
1736494872543 1.24999 53
1736494961375 1.25159 54
1736495051050 1.24374 55
1736495141692 1.25196 56
1736495231112 1.244 57
1736495321062 1.23131 58
1736495411644 1.23148 59
1736495501423 1.24098 60
1736495593429 1.2413 61
1736495684855 1.2477 62
1736495777211 1.24916 63
1736495868218 1.24533 64
1736495960609 1.24506 65
1736496051584 1.24851 66
1736496142514 1.26296 67
1736496234166 1.24089 68
1736496325763 1.23773 69
1736496416510 1.23126 70
1736496505713 1.23011 71
1736496596430 1.2392 72
1736496686696 1.23928 73
1736496777456 1.22922 74
1736496867284 1.23794 75
1736496958753 1.24591 76
1736497048544 1.23351 77
1736497139170 1.24215 78
1736497229491 1.23584 79
1736497320168 1.24168 80
1736497410687 1.23568 81
1736497502116 1.23028 82
1736497592926 1.22801 83
1736497682934 1.23071 84
1736497772842 1.2341 85
1736497863502 1.22978 86
1736497954017 1.23182 87
1736498044185 1.23317 88
1736498134372 1.23666 89
1736498224279 1.23995 90
1736498314118 1.23133 91
1736498404844 1.2307 92
1736498494888 1.24574 93
1736498585746 1.24005 94
1736498676012 1.23217 95
1736498781915 1.22376 96
1736498872543 1.23341 97
1736498963675 1.22852 98
1736499054172 1.23273 99
1736499144497 1.24458 100
1736499234774 1.22558 101
1736499325719 1.23493 102
1736499416111 1.22441 103
1736499506800 1.22892 104
1736499596963 1.22953 105
1736499688603 1.21954 106
1736499778992 1.22357 107
1736499868820 1.22422 108
1736499958679 1.22467 109
1736500048814 1.23124 110
1736500137082 1.23211 111
1736500227030 1.22099 112
1736500317419 1.2177 113
1736500406734 1.22534 114
1736500498033 1.21764 115
1736500587574 1.21624 116
1736500678687 1.21631 117
1736500768492 1.22577 118
1736500858589 1.22745 119
1736500948212 1.21795 120
1736501037713 1.21491 121
1736501127826 1.21752 122
1736501218564 1.21167 123
1736501308247 1.22632 124
1736501398979 1.21782 125
1736501488006 1.2023 126
1736501577401 1.21066 127
1736501667726 1.20925 128
1736501758951 1.21889 129
1736501848264 1.20735 130
1736501938112 1.21103 131
1736502027991 1.22623 132
1736502117402 1.22438 133
1736502207096 1.217 134
1736502298392 1.21457 135
1736502388385 1.21642 136
1736502479567 1.21837 137
1736502570268 1.22773 138
1736502661272 1.22396 139
1736502750465 1.22489 140
1736502838445 1.21924 141
1736502929281 1.21403 142
1736503020205 1.22765 143
1736503109598 1.21392 144
1736503197163 1.22509 145
1736503286633 1.22414 146
1736503890990 1.2148 147
1736503970942 1.21873 148
1736504056949 1.21761 149
1736504148408 1.21515 150
1736504239309 1.21042 151
1736504328940 1.20802 152
1736504417312 1.22627 153
1736504506639 1.22451 154
1736504597157 1.21749 155
1736504686133 1.21599 156
1736504776290 1.2076 157
1736504866769 1.21353 158
1736504957122 1.21729 159
1736505046533 1.21514 160
1736505136474 1.20704 161
1736505225786 1.21277 162
1736505315779 1.20422 163
1736505406039 1.22495 164
1736505495556 1.21019 165
1736505584879 1.20742 166
1736505674286 1.211 167
1736505763387 1.2186 168
1736505851533 1.21044 169
1736505942000 1.20621 170
1736506032088 1.19975 171
1736506121203 1.20841 172
1736506211748 1.20344 173
1736506301435 1.19369 174
1736506390860 1.20567 175
1736506480724 1.21126 176
1736506571240 1.21177 177
1736506661000 1.20745 178
1736506750122 1.21444 179
1736506840504 1.2 180
1736506928991 1.20565 181
1736507076481 1.20163 182
1736507158743 1.19661 183
1736507247718 1.19534 184
1736507336982 1.20484 185
1736507426504 1.20661 186
1736507516629 1.20623 187
1736507606434 1.20283 188
1736507697790 1.1911 189
1736507787057 1.20634 190
1736507876395 1.20656 191
1736507965324 1.21666 192
1736508055252 1.20304 193
1736508144636 1.20902 194
1736508234509 1.1997 195
1736508325558 1.19895 196
1736508415003 1.20093 197
1736508504248 1.20024 198
1736508594348 1.20252 199
1736508683947 1.19234 200
1736508774204 1.19955 201
1736508864165 1.19512 202
1736508954084 1.19138 203
1736509044001 1.20165 204
1736509133790 1.19568 205
1736509223585 1.18893 206
1736509313983 1.20149 207
1736509401643 1.20366 208
1736509490627 1.20148 209
1736509581349 1.20822 210
1736509671268 1.19363 211
1736509760125 1.20179 212
1736509849603 1.194 213
1736509939310 1.19604 214
1736510028782 1.20484 215
1736510119263 1.20805 216
1736510208628 1.19621 217
1736510298753 1.19093 218
1736510388028 1.20456 219
1736510480093 1.19329 220
1736510569506 1.19228 221
1736510659629 1.20379 222
1736510748104 1.18714 223
1736510838839 1.19081 224
1736510926981 1.20167 225
1736511017242 1.19763 226
1736511106216 1.20402 227
1736511198997 1.18509 228
1736511288436 1.20216 229
1736511378709 1.2032 230
1736511466937 1.19808 231
1736511557109 1.19417 232
1736511647504 1.1865 233
1736511736932 1.19023 234
1736511827381 1.1931 235
1736511917822 1.19692 236
1736512006083 1.20471 237
1736512096322 1.18723 238
1736512184704 1.20251 239
1736512275695 1.1973 240
1736512365706 1.18535 241
1736512456720 1.20151 242
1736512546126 1.19497 243
1736512637030 1.19213 244
1736512725323 1.19617 245
1736512815440 1.19206 246
1736512905049 1.17729 247
1736512995709 1.19116 248
1736513084548 1.19841 249
1736513175313 1.18119 250
1736513265535 1.17204 251
1736513356106 1.17976 252
1736513446033 1.20273 253
1736513536457 1.1793 254
1736513626364 1.18418 255
1736513717348 1.1841 256
1736513807610 1.18907 257
1736513897630 1.19274 258
1736513987842 1.18774 259
1736514078726 1.19157 260
1736514168879 1.18737 261
1736514258229 1.19267 262
1736514348474 1.17928 263
1736514438953 1.18119 264
1736514526916 1.17846 265
1736514617712 1.18684 266
1736514707413 1.18022 267
1736514797678 1.1862 268
1736514887617 1.18656 269
1736514978450 1.17615 270
1736515067908 1.18475 271
1736515158571 1.18232 272
1736515248232 1.18494 273
1736515338180 1.18271 274
1736515427995 1.18265 275
1736515517069 1.18042 276
1736515606317 1.17945 277
1736515696908 1.17873 278
1736515786474 1.17666 279
