1736317222327 0.000665266106442577 0
1736317299072 0.001321631105567227 1
1736317378445 0.0019676836046918765 2
1736317454645 0.00195359375 3
1736317528784 0.0019381250000000002 4
1736317603114 0.00192265625 5
1736317677200 0.0019071875 6
1736317752007 0.00189171875 7
1736317826129 0.00187625 8
1736317900140 0.00186078125 9
1736317974795 0.0018453125 10
1736318049563 0.00182984375 11
1736318123662 0.001814375 12
1736318197474 0.00179890625 13
1736318271596 0.0017834375 14
1736318345586 0.0017679687500000002 15
1736318419422 0.0017525 16
1736318493554 0.00173703125 17
1736318568350 0.0017215625000000002 18
1736318641907 0.00170609375 19
1736318715989 0.001690625 20
1736318789205 0.00167515625 21
1736318864244 0.0016596875 22
1736318938039 0.00164421875 23
1736319011498 0.00162875 24
1736319084731 0.0016132812500000001 25
1736319158010 0.0015978125 26
1736319230970 0.00158234375 27
1736319304425 0.0015668750000000001 28
1736319378072 0.00155140625 29
1736319451685 0.0015359375 30
1736319525107 0.0015204687500000001 31
1736319597879 0.0015049999999999998 32
1736319671552 0.00148953125 33
1736319744941 0.0014740625000000001 34
1736319817636 0.00145859375 35
1736319891094 0.001443125 36
1736319964437 0.00142765625 37
1736320038934 0.0014121875 38
1736320112325 0.00139671875 39
1736320185700 0.00138125 40
1736320258916 0.00136578125 41
1736320332319 0.0013503125 42
1736320405754 0.00133484375 43
1736320478744 0.001319375 44
1736320552098 0.0013039062500000002 45
1736320626582 0.0012884374999999999 46
1736320699682 0.00127296875 47
1736320772651 0.0012575000000000002 48
1736320846033 0.0012420312499999999 49
1736320919282 0.0012265625 50
1736320992809 0.0012110937500000001 51
1736321066293 0.0011956249999999999 52
1736321139711 0.00118015625 53
1736321212921 0.0011646875000000001 54
1736321286181 0.00114921875 55
1736321359451 0.00113375 56
1736321432203 0.0011182812500000001 57
1736321505502 0.0011028125 58
1736321578905 0.00108734375 59
1736321652604 0.001071875 60
1736321725736 0.00105640625 61
1736321798289 0.0010409375000000002 62
1736321871574 0.00102546875 63
1736321945001 0.00101 64
1736322018373 0.00099453125 65
1736322091447 0.0009790625000000001 66
1736322164556 0.00096359375 67
1736322237955 0.000948125 68
1736322311523 0.00093265625 69
1736322384294 0.0009171875 70
1736322458205 0.0009017187500000001 71
1736322531128 0.00088625 72
1736322603700 0.00087078125 73
1736322677194 0.0008553125000000001 74
1736322750637 0.00083984375 75
1736322823551 0.000824375 76
1736322896704 0.0008089062500000001 77
1736322970060 0.0007934375 78
1736323043161 0.00077796875 79
1736323116227 0.0007624999999999999 80
1736323189117 0.0007470312500000001 81
1736323262750 0.0007315625 82
1736323336624 0.00071609375 83
1736323410229 0.0007006250000000001 84
1736323483212 0.00068515625 85
1736323556158 0.0006696875 86
1736323630247 0.00065421875 87
1736323703616 0.0006387500000000001 88
1736323776493 0.00062328125 89
1736323848516 0.0006078125 90
1736323920812 0.0005923437500000001 91
1736323993958 0.000576875 92
1736324067222 0.0005614062500000001 93
1736324140590 0.0005459375 94
1736324214190 0.00053046875 95
1736324288131 0.000515 96
1736324361664 0.0004995312500000001 97
1736324435102 0.0004840625 98
1736324509244 0.00046859375000000004 99
1736324583254 0.000453125 100
1736324657378 0.00043765625000000006 101
1736324731324 0.0004221875 102
1736324805700 0.00040671875 103
1736324879530 0.00039125 104
1736324953469 0.00037578125000000003 105
1736325027444 0.00036031250000000006 106
1736325102911 0.00034484375 107
1736325178914 0.000329375 108
1736325254861 0.00031390625 109
1736325329635 0.00029843750000000004 110
1736325404265 0.00028296875 111
1736325477990 0.0002675 112
1736325551632 0.00025203125 113
1736325626449 0.00023656249999999998 114
1736325700612 0.00022109375 115
1736325775010 0.00020562499999999997 116
1736325849318 0.00019015625 117
1736325952900 0.0001746875 118
1736326023675 0.00015921875 119
1736326095538 0.00014375 120
1736326167072 0.00012828124999999998 121
1736326237347 0.0001128125 122
1736326308423 9.734375e-05 123
1736326379779 8.187500000000001e-05 124
1736326451415 6.640625e-05 125
1736326522812 5.09375e-05 126
1736326593684 3.546875e-05 127
