1736373707328 1.4482 0
1736373845209 1.39402 1
1736373984950 1.33562 2
1736374122111 1.29009 3
1736374282957 1.26985 4
1736374435714 1.25194 5
1736374572931 1.21487 6
1736374710779 1.21998 7
1736375385544 1.21078 8
1736376494162 1.19122 9
1736376598761 1.19218 10
1736376707064 1.17103 11
1736376822734 1.15641 12
1736376932993 1.14675 13
1736377041442 1.14415 14
1736377149993 1.14267 15
1736377258410 1.13292 16
1736377365342 1.12317 17
1736377472350 1.11044 18
1736377578456 1.10144 19
1736377686373 1.10949 20
1736377791036 1.10833 21
1736377897426 1.09933 22
1736378005951 1.10957 23
1736378110551 1.10254 24
1736378217195 1.07751 25
1736378323767 1.10638 26
1736378431869 1.07218 27
1736378538590 1.08552 28
1736378645248 1.07211 29
1736378751640 1.07268 30
1736378860171 1.0773 31
1736378966518 1.07861 32
1736379072116 1.05898 33
1736379179542 1.06135 34
1736379287842 1.04904 35
1736379395425 1.06355 36
1736379503281 1.05066 37
1736379609154 1.05016 38
1736379714986 1.04182 39
1736379821531 1.02424 40
1736379927409 1.03778 41
1736380034241 1.03017 42
1736380140835 1.03579 43
