1736373707328 1.02107 0
1736373845209 0.94594 1
1736373984950 0.85435 2
1736374122111 0.81328 3
1736374282957 0.78334 4
1736374435714 0.75776 5
1736374572931 0.71788 6
1736374710779 0.73129 7
1736375385544 0.71047 8
1736376494162 0.70001 9
1736376598761 0.69173 10
1736376707064 0.67298 11
1736376822734 0.66327 12
1736376932993 0.6572 13
1736377041442 0.66732 14
1736377149993 0.65723 15
1736377258410 0.63772 16
1736377365342 0.6252 17
1736377472350 0.61993 18
1736377578456 0.62163 19
1736377686373 0.6106 20
1736377791036 0.6005 21
1736377897426 0.60854 22
1736378005951 0.61315 23
1736378110551 0.60486 24
1736378217195 0.59596 25
1736378323767 0.60417 26
1736378431869 0.59073 27
1736378538590 0.59148 28
1736378645248 0.58729 29
1736378751640 0.58596 30
1736378860171 0.58207 31
1736378966518 0.58333 32
1736379072116 0.56583 33
1736379179542 0.57545 34
1736379287842 0.56777 35
1736379395425 0.57244 36
1736379503281 0.57216 37
1736379609154 0.57718 38
1736379714986 0.56501 39
1736379821531 0.55565 40
1736379927409 0.55279 41
1736380034241 0.56018 42
1736380140835 0.56664 43
