1736373707328 1.41639 0
1736373845209 1.40909 1
1736373984950 1.3708 2
1736374122111 1.35724 3
1736374282957 1.34572 4
1736374435714 1.32912 5
1736374572931 1.31066 6
1736374710779 1.32434 7
1736375385544 1.30304 8
1736376494162 1.30031 9
1736376598761 1.29792 10
1736376707064 1.28826 11
1736376822734 1.28024 12
1736376932993 1.27131 13
1736377041442 1.27561 14
1736377149993 1.27982 15
1736377258410 1.27015 16
1736377365342 1.26269 17
1736377472350 1.25572 18
1736377578456 1.25345 19
1736377686373 1.25012 20
1736377791036 1.24929 21
1736377897426 1.24856 22
1736378005951 1.25344 23
1736378110551 1.25842 24
1736378217195 1.23353 25
1736378323767 1.24771 26
1736378431869 1.23457 27
1736378538590 1.2403 28
1736378645248 1.23541 29
1736378751640 1.23436 30
1736378860171 1.23529 31
1736378966518 1.23482 32
1736379072116 1.22823 33
1736379179542 1.2264 34
1736379287842 1.22222 35
1736379395425 1.22701 36
1736379503281 1.22918 37
1736379609154 1.2259 38
1736379714986 1.21541 39
1736379821531 1.20691 40
1736379927409 1.20596 41
1736380034241 1.2091 42
1736380140835 1.21052 43
