1736388236583 1.42851 0
1736388329127 1.38795 1
1736388418516 1.31058 2
1736388505023 1.28947 3
1736388600771 1.24996 4
1736388691554 1.23846 5
1736388779160 1.20484 6
1736388868125 1.20338 7
1736388955466 1.17758 8
1736389045254 1.1696 9
1736389135848 1.18338 10
1736389224244 1.16063 11
1736389314875 1.13917 12
1736389404108 1.13858 13
1736389492995 1.13485 14
1736389580622 1.12811 15
1736389668572 1.115 16
1736389757143 1.09988 17
1736389846544 1.08939 18
1736389935814 1.08435 19
1736390025030 1.1045 20
1736390112998 1.08377 21
1736390201907 1.07997 22
1736390291361 1.07434 23
1736390380144 1.09198 24
1736390469007 1.05426 25
1736390558199 1.07313 26
1736390647382 1.05426 27
1736390735048 1.06076 28
