1736388236583 0.98992 0
1736388329127 0.89998 1
1736388418516 0.83261 2
1736388505023 0.80323 3
1736388600771 0.76169 4
1736388691554 0.72819 5
1736388779160 0.69901 6
1736388868125 0.71128 7
1736388955466 0.68001 8
1736389045254 0.66807 9
1736389135848 0.66991 10
1736389224244 0.65339 11
1736389314875 0.63695 12
1736389404108 0.63353 13
1736389492995 0.62714 14
1736389580622 0.62284 15
1736389668572 0.61536 16
1736389757143 0.60645 17
1736389846544 0.59839 18
1736389935814 0.59848 19
1736390025030 0.59255 20
1736390112998 0.58639 21
1736390201907 0.58592 22
1736390291361 0.58966 23
1736390380144 0.58541 24
1736390469007 0.57151 25
1736390558199 0.57354 26
1736390647382 0.56467 27
1736390735048 0.56336 28
