1736388236583 1.41547 0
1736388329127 1.43064 1
1736388418516 1.3872 2
1736388505023 1.3736 3
1736388600771 1.35762 4
1736388691554 1.35241 5
1736388779160 1.33631 6
1736388868125 1.34372 7
1736388955466 1.32165 8
1736389045254 1.3121 9
1736389135848 1.32536 10
1736389224244 1.30647 11
1736389314875 1.30142 12
1736389404108 1.30102 13
1736389492995 1.29453 14
1736389580622 1.2959 15
1736389668572 1.28857 16
1736389757143 1.2766 17
1736389846544 1.26479 18
1736389935814 1.2712 19
1736390025030 1.27235 20
1736390112998 1.2648 21
1736390201907 1.27378 22
1736390291361 1.26007 23
1736390380144 1.27675 24
1736390469007 1.25726 25
1736390558199 1.25731 26
1736390647382 1.25366 27
1736390735048 1.25965 28
