1736394005744 0.97634 0
1736394113604 0.97198 1
1736394220471 0.96694 2
1736394325666 0.96659 3
1736394431852 0.97153 4
1736394537569 0.97193 5
1736394644316 0.97003 6
1736394750113 0.97758 7
1736394857412 0.97196 8
1736394964277 0.97017 9
1736395070362 0.9695 10
1736395176330 0.97226 11
1736395281726 0.97433 12
1736395387856 0.97341 13
1736395494394 0.97239 14
1736395600748 0.97414 15
1736395707097 0.97036 16
1736395813830 0.97479 17
1736395919354 0.97203 18
1736396025458 0.9716 19
1736396132078 0.97804 20
1736396238174 0.97364 21
1736396344873 0.97021 22
1736396451374 0.97165 23
1736396558178 0.97525 24
1736396663822 0.97565 25
1736396769625 0.97594 26
1736396875627 0.97323 27
1736396981317 0.96694 28
1736397086457 0.97732 29
1736397192789 0.97803 30
1736397299482 0.97488 31
1736397406740 0.96192 32
1736397513465 0.97948 33
1736397620361 0.97232 34
1736397726640 0.97622 35
1736397834120 0.97291 36
1736397940198 0.97394 37
1736398045281 0.96962 38
1736398151574 0.97196 39
1736398256498 0.97532 40
1736398362370 0.97796 41
1736398468345 0.97773 42
1736398574308 0.97513 43
1736398580126 0.9794751660464183 43
