1736394005744 0.50184 0
1736394113604 0.63369 1
1736394220471 0.64949 2
1736394325666 0.64807 3
1736394431852 0.63759 4
1736394537569 0.67359 5
1736394644316 0.67979 6
1736394750113 0.69544 7
1736394857412 0.67735 8
1736394964277 0.67652 9
1736395070362 0.68337 10
1736395176330 0.6905 11
1736395281726 0.68838 12
1736395387856 0.68981 13
1736395494394 0.68185 14
1736395600748 0.69426 15
1736395707097 0.68674 16
1736395813830 0.69956 17
1736395919354 0.70021 18
1736396025458 0.69091 19
1736396132078 0.69929 20
1736396238174 0.70186 21
1736396344873 0.68864 22
1736396451374 0.69612 23
1736396558178 0.6969 24
1736396663822 0.69729 25
1736396769625 0.70129 26
1736396875627 0.7028 27
1736396981317 0.68666 28
1736397086457 0.70561 29
1736397192789 0.71224 30
1736397299482 0.70129 31
1736397406740 0.68859 32
1736397513465 0.71741 33
1736397620361 0.71012 34
1736397726640 0.71475 35
1736397834120 0.69291 36
1736397940198 0.70496 37
1736398045281 0.69777 38
1736398151574 0.69884 39
1736398256498 0.71523 40
1736398362370 0.7159 41
1736398468345 0.71214 42
1736398574308 0.70749 43
1736398580126 0.7174230992664024 43
