1736394005744 0.95844 0
1736394113604 0.95108 1
1736394220471 0.95213 2
1736394325666 0.95836 3
1736394431852 0.95759 4
1736394537569 0.95266 5
1736394644316 0.96636 6
1736394750113 0.95491 7
1736394857412 0.96439 8
1736394964277 0.95839 9
1736395070362 0.96106 10
1736395176330 0.95984 11
1736395281726 0.96262 12
1736395387856 0.95899 13
1736395494394 0.95621 14
1736395600748 0.96458 15
1736395707097 0.96043 16
1736395813830 0.96024 17
1736395919354 0.95624 18
1736396025458 0.9612 19
1736396132078 0.96546 20
1736396238174 0.9613 21
1736396344873 0.95996 22
1736396451374 0.95774 23
1736396558178 0.95749 24
1736396663822 0.964 25
1736396769625 0.96254 26
1736396875627 0.96302 27
1736396981317 0.95532 28
1736397086457 0.96294 29
1736397192789 0.96029 30
1736397299482 0.96306 31
1736397406740 0.9628 32
1736397513465 0.96651 33
1736397620361 0.96712 34
1736397726640 0.96043 35
1736397834120 0.96182 36
1736397940198 0.96259 37
1736398045281 0.96365 38
1736398151574 0.95992 39
1736398256498 0.96461 40
1736398362370 0.96143 41
1736398468345 0.96844 42
1736398574308 0.96217 43
1736398580126 0.9663853292130238 43
