1736394005744 0.98247 0
1736394113604 0.98155 1
1736394220471 0.9797 2
1736394325666 0.97668 3
1736394431852 0.98247 4
1736394537569 0.98524 5
1736394644316 0.98041 6
1736394750113 0.98616 7
1736394857412 0.98247 8
1736394964277 0.9797 9
1736395070362 0.97891 10
1736395176330 0.98247 11
1736395281726 0.97601 12
1736395387856 0.98524 13
1736395494394 0.98339 14
1736395600748 0.98524 15
1736395707097 0.9852 16
1736395813830 0.98432 17
1736395919354 0.98432 18
1736396025458 0.98432 19
1736396132078 0.97993 20
1736396238174 0.98539 21
1736396344873 0.98432 22
1736396451374 0.98267 23
1736396558178 0.98616 24
1736396663822 0.97878 25
1736396769625 0.98155 26
1736396875627 0.98489 27
1736396981317 0.98624 28
1736397086457 0.98285 29
1736397192789 0.98163 30
1736397299482 0.98614 31
1736397406740 0.98524 32
1736397513465 0.98616 33
1736397620361 0.97878 34
1736397726640 0.98708 35
1736397834120 0.98339 36
1736397940198 0.98524 37
1736398045281 0.97786 38
1736398151574 0.98339 39
1736398256498 0.98063 40
1736398362370 0.98708 41
1736398468345 0.97878 42
1736398574308 0.98546 43
1736398580126 0.9861623616236163 43
