1736154380549 0.003319327731092437 0
1736154535936 0.006639797520570729 1
1736154608034 0.00994737668504902 2
1736154674410 0.0099419921875 3
1736154742107 0.00992265625 4
1736154811806 0.0099033203125 5
1736154877964 0.009883984375 6
1736154943445 0.0098646484375 7
1736155009015 0.0098453125 8
1736155075243 0.0098259765625 9
1736155165376 0.009806640625 10
1736155269386 0.0097873046875 11
1736155334364 0.00976796875 12
1736155400070 0.0097486328125 13
1736155501385 0.009729296875 14
1736155591209 0.0097099609375 15
1736155661031 0.009690625000000001 16
1736155727258 0.009671289062500001 17
1736155793727 0.009651953125 18
1736155874846 0.0096326171875 19
1736155940961 0.00961328125 20
1736156023068 0.0095939453125 21
1736156089314 0.009574609375000001 22
1736156158310 0.009555273437500001 23
1736156224997 0.009535937500000001 24
1736156325833 0.009516601562500001 25
1736156446090 0.009497265625 26
1736156520598 0.0094779296875 27
1736156597607 0.009458593749999999 28
1736156660814 0.0094392578125 29
1736156724124 0.009419921875 30
1736156787364 0.0094005859375 31
1736156860019 0.00938125 32
1736156925835 0.0093619140625 33
1736156988775 0.009342578124999999 34
1736157051844 0.0093232421875 35
1736157113964 0.00930390625 36
1736157177998 0.0092845703125 37
1736157543944 0.009265234375 38
1736157622616 0.0092458984375 39
1736157689882 0.0092265625 40
1736157756012 0.0092072265625 41
1736157823928 0.009187890625 42
1736157947355 0.0091685546875 43
1736158017976 0.00914921875 44
1736158099403 0.0091298828125 45
1736158184618 0.009110546875 46
1736158249134 0.0090912109375 47
1736158421723 0.009071875 48
1736158496524 0.0090525390625 49
1736158557960 0.009033203125 50
1736158628135 0.0090138671875 51
1736158696063 0.00899453125 52
1736158778334 0.0089751953125 53
1736158839600 0.008955859375 54
1736158913314 0.0089365234375 55
1736158974266 0.0089171875 56
1736159037874 0.0088978515625 57
1736159099293 0.008878515625 58
1736159166143 0.0088591796875 59
1736159227454 0.008839843750000001 60
1736159297793 0.008820507812500001 61
1736159671623 0.008801171875 62
1736159750705 0.0087818359375 63
1736159811333 0.0087625 64
1736159902798 0.0087431640625 65
1736159967220 0.008723828125000001 66
1736160030564 0.008704492187500001 67
1736160097795 0.008685156250000001 68
1736160220059 0.008665820312500001 69
1736160286133 0.008646484375 70
1736160347384 0.0086271484375 71
1736160408929 0.008607812500000001 72
1736160469935 0.0085884765625 73
1736160531250 0.008569140625 74
1736160640171 0.0085498046875 75
1736160745543 0.00853046875 76
1736160996068 0.0085111328125 77
1736161057052 0.008491796874999999 78
1736161118668 0.0084724609375 79
1736161353854 0.008453125 80
1736161466788 0.0084337890625 81
1736161707736 0.008414453125 82
1736161771791 0.0083951171875 83
1736161839209 0.00837578125 84
1736161900197 0.0083564453125 85
1736161995408 0.008337109375 86
1736162069963 0.0083177734375 87
1736162298223 0.0082984375 88
1736162364875 0.0082791015625 89
1736162426246 0.008259765625 90
1736162556880 0.0082404296875 91
1736162636490 0.00822109375 92
1736162714954 0.0082017578125 93
1736162792456 0.008182421875 94
1736163013132 0.0081630859375 95
1736163091291 0.00814375 96
1736163160257 0.0081244140625 97
1736163245559 0.008105078125 98
1736163307618 0.0080857421875 99
1736163368707 0.00806640625 100
1736163430263 0.0080470703125 101
1736163497409 0.008027734375 102
1736163559028 0.0080083984375 103
1736163619846 0.007989062500000001 104
1736163754647 0.0079697265625 105
1736163818744 0.007950390625 106
1736163892245 0.0079310546875 107
1736163953691 0.00791171875 108
1736164052819 0.0078923828125 109
1736164128193 0.007873046875000001 110
1736164195704 0.007853710937500001 111
1736164331632 0.007834375000000001 112
1736164410140 0.0078150390625 113
1736164471214 0.007795703125 114
1736164534395 0.0077763671875 115
1736164596930 0.007757031250000001 116
1736164658830 0.007737695312500001 117
1736164720799 0.007718359375 118
1736164800660 0.0076990234375 119
1736164863739 0.0076796875 120
1736164924830 0.0076603515625 121
1736164986075 0.007641015625000001 122
1736165047183 0.007621679687500001 123
1736165127856 0.007602343750000001 124
1736165194557 0.0075830078125000006 125
1736165255581 0.007563671875 126
1736165316537 0.0075443359375 127
1736165393425 0.007525 128
1736165456057 0.0075056640625 129
1736165639528 0.007486328125 130
1736165709247 0.0074669921875 131
1736165774379 0.00744765625 132
1736165912082 0.0074283203125 133
1736166060762 0.007408984374999999 134
1736166130202 0.0073896484375 135
1736166208998 0.0073703125 136
1736166284927 0.0073509765625 137
1736166354981 0.007331640625 138
1736166421471 0.0073123046875 139
1736166581098 0.00729296875 140
1736166647814 0.007273632812500001 141
1736166710585 0.007254296875000001 142
1736166771433 0.0072349609375 143
1736166891539 0.007215625 144
1736167021638 0.0071962890625 145
1736167096970 0.007176953125 146
1736167158322 0.007157617187500001 147
1736167219175 0.0071382812500000005 148
1736167285008 0.0071189453125000005 149
1736167554102 0.0070996093750000005 150
1736167645687 0.0070802734374999995 151
1736167715578 0.0070609374999999995 152
1736167857081 0.0070416015625 153
1736167928417 0.007022265625 154
1736167996270 0.0070029296875 155
1736168074604 0.00698359375 156
1736168135646 0.0069642578125 157
1736168200666 0.006944921875 158
1736168261966 0.006925585937499999 159
1736168368533 0.006906250000000001 160
1736168443961 0.0068869140625 161
