1736394000965 1.4482 0
1736394109007 1.4048 1
1736394216052 1.34428 2
1736394321332 1.29503 3
1736394427517 1.27049 4
1736394533247 1.24393 5
1736394639942 1.22541 6
1736394745927 1.21632 7
1736394853098 1.20127 8
1736394959613 1.1942 9
1736395065674 1.21098 10
1736395171292 1.17286 11
1736395277133 1.16162 12
1736395383340 1.16579 13
1736395490118 1.17357 14
1736395596268 1.15156 15
1736395702710 1.15261 16
1736395809518 1.13487 17
1736395915145 1.13736 18
1736396021145 1.12109 19
1736396127951 1.135 20
1736396233636 1.12559 21
1736396340275 1.10567 22
1736396446905 1.11023 23
1736396553550 1.11537 24
1736396659435 1.08977 25
1736396765292 1.12961 26
1736396871541 1.09439 27
1736396976997 1.1069 28
1736397082122 1.08856 29
1736397188505 1.10233 30
1736397295018 1.08958 31
1736397402323 1.10995 32
1736397508918 1.0882 33
1736397615758 1.08437 34
1736397722114 1.07573 35
1736397829765 1.08368 36
1736397935861 1.07687 37
1736398040889 1.07135 38
1736398147142 1.06646 39
1736398252249 1.05904 40
1736398358189 1.06567 41
1736398464084 1.05466 42
1736398570086 1.06778 43
