1736394000965 1.02107 0
1736394109007 0.95052 1
1736394216052 0.86363 2
1736394321332 0.82137 3
1736394427517 0.77906 4
1736394533247 0.75073 5
1736394639942 0.72551 6
1736394745927 0.72658 7
1736394853098 0.70342 8
1736394959613 0.69853 9
1736395065674 0.70326 10
1736395171292 0.66698 11
1736395277133 0.66581 12
1736395383340 0.67056 13
1736395490118 0.67452 14
1736395596268 0.66515 15
1736395702710 0.64835 16
1736395809518 0.63626 17
1736395915145 0.6297 18
1736396021145 0.63668 19
1736396127951 0.63001 20
1736396233636 0.62038 21
1736396340275 0.61678 22
1736396446905 0.622 23
1736396553550 0.62229 24
1736396659435 0.60413 25
1736396765292 0.61661 26
1736396871541 0.61023 27
1736396976997 0.60801 28
1736397082122 0.59797 29
1736397188505 0.60292 30
1736397295018 0.59542 31
1736397402323 0.6002 32
1736397508918 0.58955 33
1736397615758 0.59304 34
1736397722114 0.59171 35
1736397829765 0.59252 36
1736397935861 0.5932 37
1736398040889 0.59799 38
1736398147142 0.58066 39
1736398252249 0.57656 40
1736398358189 0.58082 41
1736398464084 0.58241 42
1736398570086 0.58629 43
