1736394000965 1.41639 0
1736394109007 1.4138 1
1736394216052 1.37945 2
1736394321332 1.35293 3
1736394427517 1.34754 4
1736394533247 1.32201 5
1736394639942 1.32066 6
1736394745927 1.32898 7
1736394853098 1.3045 8
1736394959613 1.30166 9
1736395065674 1.31509 10
1736395171292 1.2891 11
1736395277133 1.28355 12
1736395383340 1.28913 13
1736395490118 1.28958 14
1736395596268 1.28273 15
1736395702710 1.28058 16
1736395809518 1.26969 17
1736395915145 1.27108 18
1736396021145 1.26811 19
1736396127951 1.26759 20
1736396233636 1.26121 21
1736396340275 1.2538 22
1736396446905 1.25301 23
1736396553550 1.26342 24
1736396659435 1.2443 25
1736396765292 1.26007 26
1736396871541 1.2453 27
1736396976997 1.25413 28
1736397082122 1.23812 29
1736397188505 1.24576 30
1736397295018 1.23921 31
1736397402323 1.24823 32
1736397508918 1.24209 33
1736397615758 1.2393 34
1736397722114 1.23827 35
1736397829765 1.23847 36
1736397935861 1.24121 37
1736398040889 1.23897 38
1736398147142 1.22924 39
1736398252249 1.22477 40
1736398358189 1.22766 41
1736398464084 1.22796 42
1736398570086 1.22966 43
