1736409695259 0.9738 0
1736409980501 0.96878 1
1736410258339 0.9746 2
1736410474320 0.97182 3
1736410680436 0.98029 4
1736410886443 0.97099 5
1736411090344 0.96884 6
1736411295180 0.97298 7
1736411500159 0.97628 8
1736411705191 0.97502 9
1736411906368 0.9694 10
1736412108160 0.97724 11
1736412312543 0.97358 12
1736412517728 0.96817 13
1736412724658 0.96563 14
1736412934386 0.96811 15
1736413137890 0.97555 16
1736413343033 0.97165 17
1736413548758 0.97509 18
1736413755243 0.96518 19
1736413958385 0.97702 20
1736414161966 0.97324 21
1736414368168 0.96798 22
1736414572540 0.97181 23
1736414776910 0.97657 24
1736414983839 0.96998 25
1736415190817 0.97495 26
1736415397051 0.97404 27
1736415604557 0.97279 28
1736415611692 0.9750324409775893 28
