1736409695259 0.59633 0
1736409980501 0.64355 1
1736410258339 0.6693 2
1736410474320 0.6505 3
1736410680436 0.68649 4
1736410886443 0.66526 5
1736411090344 0.66269 6
1736411295180 0.66769 7
1736411500159 0.67916 8
1736411705191 0.69261 9
1736411906368 0.69151 10
1736412108160 0.69914 11
1736412312543 0.69258 12
1736412517728 0.69182 13
1736412724658 0.69081 14
1736412934386 0.67412 15
1736413137890 0.69337 16
1736413343033 0.69694 17
1736413548758 0.70799 18
1736413755243 0.68261 19
1736413958385 0.69058 20
1736414161966 0.69722 21
1736414368168 0.68342 22
1736414572540 0.70317 23
1736414776910 0.70267 24
1736414983839 0.70111 25
1736415190817 0.70082 26
1736415397051 0.69964 27
1736415604557 0.70618 28
1736415611692 0.7083550794125382 28
