1736409695259 0.94946 0
1736409980501 0.95069 1
1736410258339 0.95928 2
1736410474320 0.96313 3
1736410680436 0.95975 4
1736410886443 0.961 5
1736411090344 0.95646 6
1736411295180 0.96505 7
1736411500159 0.9626 8
1736411705191 0.96032 9
1736411906368 0.96509 10
1736412108160 0.96027 11
1736412312543 0.95909 12
1736412517728 0.96149 13
1736412724658 0.95952 14
1736412934386 0.96099 15
1736413137890 0.95626 16
1736413343033 0.95672 17
1736413548758 0.96438 18
1736413755243 0.96455 19
1736413958385 0.95672 20
1736414161966 0.96586 21
1736414368168 0.96289 22
1736414572540 0.9672 23
1736414776910 0.96412 24
1736414983839 0.96378 25
1736415190817 0.96455 26
1736415397051 0.9601 27
1736415604557 0.96549 28
1736415611692 0.9643503127754776 28
