1736409695259 0.97061 0
1736409980501 0.96039 1
1736410258339 0.98616 2
1736410474320 0.96587 3
1736410680436 0.98432 4
1736410886443 0.98432 5
1736411090344 0.9797 6
1736411295180 0.97694 7
1736411500159 0.97601 8
1736411705191 0.98235 9
1736411906368 0.96925 10
1736412108160 0.981 11
1736412312543 0.98063 12
1736412517728 0.98247 13
1736412724658 0.98394 14
1736412934386 0.97719 15
1736413137890 0.97878 16
1736413343033 0.97887 17
1736413548758 0.98063 18
1736413755243 0.98616 19
1736413958385 0.98339 20
1736414161966 0.97694 21
1736414368168 0.98126 22
1736414572540 0.97939 23
1736414776910 0.98063 24
1736414983839 0.982 25
1736415190817 0.97894 26
1736415397051 0.98616 27
1736415604557 0.98062 28
1736415611692 0.9806273062730627 28
