1736224972624 1.94796 0
1736225065744 1.40761 1
1736225138078 1.39284 2
1736225209418 1.35245 3
1736225285505 1.31486 4
1736225357073 1.28728 5
1736225426541 1.24995 6
1736225494847 1.23908 7
1736225564802 1.21132 8
1736225633121 1.20362 9
1736225712324 1.18111 10
1736225789300 1.18793 11
1736225857742 1.16839 12
1736225925319 1.159 13
1736226004595 1.15301 14
1736226241649 1.15402 15
1736226312702 1.13076 16
1736226380095 1.14773 17
1736226448107 1.13513 18
1736226520756 1.13188 19
1736226587662 1.12857 20
1736226729553 1.12388 21
1736226810561 1.11503 22
1736226879272 1.12231 23
1736226946676 1.11069 24
1736227014165 1.10206 25
1736227097293 1.10546 26
1736227164741 1.10754 27
1736227232966 1.09626 28
1736227300288 1.08896 29
1736227367609 1.09516 30
1736227434528 1.09705 31
1736227504967 1.0993 32
1736227572388 1.09673 33
1736227640290 1.08182 34
1736227707394 1.08349 35
1736227774702 1.0843 36
1736227842080 1.08082 37
1736227919831 1.08193 38
1736227988675 1.07182 39
1736228057430 1.08145 40
1736228124411 1.08103 41
1736228193276 1.07533 42
1736228287323 1.0781 43
1736228360706 1.06739 44
1736228435668 1.07636 45
1736228503947 1.06668 46
1736228571747 1.06224 47
1736228658868 1.06975 48
1736228727276 1.07237 49
1736228795020 1.06353 50
1736228863243 1.06243 51
1736228932655 1.05262 52
1736229105736 1.05837 53
1736229171806 1.05144 54
1736229240423 1.04671 55
1736229306983 1.0535 56
1736229373062 1.04678 57
1736229440182 1.04629 58
1736229508078 1.04854 59
1736229574698 1.04633 60
1736229644039 1.05142 61
1736229721967 1.05339 62
1736230004161 1.05193 63
1736230075490 1.05265 64
1736230141401 1.04521 65
1736230208134 1.0425 66
1736230274062 1.03945 67
1736230340629 1.03702 68
1736230409212 1.03912 69
1736230474756 1.03811 70
1736230541031 1.02782 71
1736230607236 1.03598 72
1736230672316 1.02894 73
1736230738366 1.0262 74
1736230817147 1.03249 75
1736230898984 1.03205 76
1736230973968 1.03564 77
1736231039831 1.02241 78
1736231106613 1.02612 79
1736231172736 1.03246 80
1736231256501 1.0225 81
1736231327696 1.01567 82
1736231393536 1.02725 83
1736231461899 1.02086 84
1736231528573 1.02147 85
1736231801798 1.01439 86
1736231884029 1.02037 87
1736231951550 1.02414 88
1736232017413 1.01684 89
1736232083606 1.01378 90
1736232165000 1.01887 91
1736232231130 1.01388 92
1736232303555 1.00948 93
1736232375484 1.0049 94
1736232500170 1.01565 95
1736232576362 1.01216 96
1736232644437 1.0049 97
1736232715905 1.0119 98
1736232781876 1.01139 99
1736232847613 1.01221 100
1736232913857 1.00607 101
1736232979790 1.01377 102
1736233046024 1.00206 103
1736233111658 1.0074 104
1736233179584 1.00353 105
1736233246546 1.01538 106
1736233337429 1.0022 107
1736233418563 0.99688 108
1736233485943 1.00142 109
1736233627806 1.00484 110
1736233701311 0.99775 111
1736233788629 0.99947 112
1736233859333 0.99649 113
1736233926141 1.00289 114
1736233992178 0.99462 115
1736234058411 0.99631 116
1736234124831 1.00218 117
1736234190877 0.99722 118
1736234262945 0.99377 119
1736234329736 0.99515 120
1736234395261 0.98603 121
1736234460920 0.98953 122
1736234528102 0.99319 123
1736234593816 0.98936 124
1736234659933 0.99205 125
1736234725897 0.98405 126
1736234792057 0.99088 127
1736234862500 0.99045 128
1736234928300 0.98703 129
1736234996624 0.98622 130
1736235063176 0.98067 131
1736235129278 0.98174 132
1736235195769 0.97198 133
1736235593735 0.97692 134
1736235671012 0.98329 135
1736235741741 0.97671 136
1736235815983 0.98734 137
1736235885528 0.98291 138
1736235952697 0.98147 139
1736236147724 0.97653 140
1736236215880 0.97977 141
1736236281420 0.98345 142
1736236347113 0.97844 143
1736236540888 0.98118 144
1736236621272 0.9779 145
1736236691649 0.97962 146
1736236758287 0.98512 147
1736236824492 0.97279 148
1736236890413 0.97911 149
1736236965431 0.97985 150
1736237128967 0.97771 151
1736237201272 0.97585 152
1736237269040 0.97711 153
1736237335648 0.97262 154
