1736224972624 1.88538 0
1736225065744 0.73268 1
1736225138078 0.70615 2
1736225209418 0.68197 3
1736225285505 0.65472 4
1736225357073 0.62651 5
1736225426541 0.60752 6
1736225494847 0.59373 7
1736225564802 0.57766 8
1736225633121 0.56688 9
1736225712324 0.55496 10
1736225789300 0.55307 11
1736225857742 0.54476 12
1736225925319 0.53548 13
1736226004595 0.52906 14
1736226241649 0.52243 15
1736226312702 0.51666 16
1736226380095 0.5162 17
1736226448107 0.51358 18
1736226520756 0.50757 19
1736226587662 0.50237 20
1736226729553 0.50495 21
1736226810561 0.49847 22
1736226879272 0.5 23
1736226946676 0.49352 24
1736227014165 0.49105 25
1736227097293 0.49167 26
1736227164741 0.49032 27
1736227232966 0.48533 28
1736227300288 0.48409 29
1736227367609 0.48118 30
1736227434528 0.48257 31
1736227504967 0.47857 32
1736227572388 0.48087 33
1736227640290 0.47443 34
1736227707394 0.47335 35
1736227774702 0.47274 36
1736227842080 0.47275 37
1736227919831 0.4701 38
1736227988675 0.46674 39
1736228057430 0.46812 40
1736228124411 0.46883 41
1736228193276 0.46586 42
1736228287323 0.46868 43
1736228360706 0.46388 44
1736228435668 0.46385 45
1736228503947 0.46527 46
1736228571747 0.45835 47
1736228658868 0.45947 48
1736228727276 0.45927 49
1736228795020 0.45656 50
1736228863243 0.45637 51
1736228932655 0.45673 52
1736229105736 0.45457 53
1736229171806 0.45291 54
1736229240423 0.45274 55
1736229306983 0.45298 56
1736229373062 0.44881 57
1736229440182 0.45026 58
1736229508078 0.44996 59
1736229574698 0.44921 60
1736229644039 0.44954 61
1736229721967 0.4516 62
1736230004161 0.44905 63
1736230075490 0.44854 64
1736230141401 0.44767 65
1736230208134 0.44697 66
1736230274062 0.44399 67
1736230340629 0.44242 68
1736230409212 0.44137 69
1736230474756 0.44391 70
1736230541031 0.44132 71
1736230607236 0.44212 72
1736230672316 0.44141 73
1736230738366 0.43856 74
1736230817147 0.43956 75
1736230898984 0.439 76
1736230973968 0.43861 77
1736231039831 0.43463 78
1736231106613 0.43845 79
1736231172736 0.43641 80
1736231256501 0.43583 81
1736231327696 0.43216 82
1736231393536 0.43492 83
1736231461899 0.43242 84
1736231528573 0.43163 85
1736231801798 0.43349 86
1736231884029 0.43334 87
1736231951550 0.43589 88
1736232017413 0.43204 89
1736232083606 0.43238 90
1736232165000 0.43105 91
1736232231130 0.43096 92
1736232303555 0.42772 93
1736232375484 0.4302 94
1736232500170 0.43118 95
1736232576362 0.4292 96
1736232644437 0.42683 97
1736232715905 0.42646 98
1736232781876 0.43119 99
1736232847613 0.42936 100
1736232913857 0.42714 101
1736232979790 0.42949 102
1736233046024 0.42471 103
1736233111658 0.42561 104
1736233179584 0.42574 105
1736233246546 0.42811 106
1736233337429 0.42387 107
1736233418563 0.42459 108
1736233485943 0.42289 109
1736233627806 0.42513 110
1736233701311 0.41982 111
1736233788629 0.42323 112
1736233859333 0.4212 113
1736233926141 0.42319 114
1736233992178 0.42367 115
1736234058411 0.41919 116
1736234124831 0.4216 117
1736234190877 0.42384 118
1736234262945 0.41999 119
1736234329736 0.41971 120
1736234395261 0.41785 121
1736234460920 0.41792 122
1736234528102 0.42168 123
1736234593816 0.41626 124
1736234659933 0.41733 125
1736234725897 0.41612 126
1736234792057 0.41813 127
1736234862500 0.41921 128
1736234928300 0.41702 129
1736234996624 0.41796 130
1736235063176 0.41469 131
1736235129278 0.41332 132
1736235195769 0.41232 133
1736235593735 0.41313 134
1736235671012 0.41551 135
1736235741741 0.40978 136
1736235815983 0.41455 137
1736235885528 0.41386 138
1736235952697 0.41254 139
1736236147724 0.41489 140
1736236215880 0.41272 141
1736236281420 0.41524 142
1736236347113 0.41275 143
1736236540888 0.41413 144
1736236621272 0.41238 145
1736236691649 0.41082 146
1736236758287 0.41637 147
1736236824492 0.40919 148
1736236890413 0.41215 149
1736236965431 0.41136 150
1736237128967 0.41116 151
1736237201272 0.41379 152
1736237269040 0.41177 153
1736237335648 0.40983 154
