1736224972624 1.71282 0
1736225065744 1.33432 1
1736225138078 1.31695 2
1736225209418 1.28568 3
1736225285505 1.2617 4
1736225357073 1.25148 5
1736225426541 1.21995 6
1736225494847 1.22403 7
1736225564802 1.20591 8
1736225633121 1.19796 9
1736225712324 1.1989 10
1736225789300 1.19331 11
1736225857742 1.1876 12
1736225925319 1.17897 13
1736226004595 1.17556 14
1736226241649 1.17535 15
1736226312702 1.1555 16
1736226380095 1.17305 17
1736226448107 1.16462 18
1736226520756 1.15733 19
1736226587662 1.16396 20
1736226729553 1.15394 21
1736226810561 1.15123 22
1736226879272 1.15778 23
1736226946676 1.1435 24
1736227014165 1.13826 25
1736227097293 1.14801 26
1736227164741 1.15086 27
1736227232966 1.13706 28
1736227300288 1.14297 29
1736227367609 1.13624 30
1736227434528 1.14209 31
1736227504967 1.14057 32
1736227572388 1.14161 33
1736227640290 1.13468 34
1736227707394 1.1314 35
1736227774702 1.13213 36
1736227842080 1.13404 37
1736227919831 1.12713 38
1736227988675 1.12873 39
1736228057430 1.12843 40
1736228124411 1.14074 41
1736228193276 1.12597 42
1736228287323 1.12303 43
1736228360706 1.12122 44
1736228435668 1.12423 45
1736228503947 1.12273 46
1736228571747 1.12111 47
1736228658868 1.13854 48
1736228727276 1.12896 49
1736228795020 1.12255 50
1736228863243 1.12022 51
1736228932655 1.11573 52
1736229105736 1.11655 53
1736229171806 1.12083 54
1736229240423 1.1123 55
1736229306983 1.12325 56
1736229373062 1.10011 57
1736229440182 1.10981 58
1736229508078 1.10927 59
1736229574698 1.10954 60
1736229644039 1.11106 61
1736229721967 1.12003 62
1736230004161 1.11442 63
1736230075490 1.1116 64
1736230141401 1.11398 65
1736230208134 1.11888 66
1736230274062 1.1077 67
1736230340629 1.10152 68
1736230409212 1.11114 69
1736230474756 1.10408 70
1736230541031 1.1011 71
1736230607236 1.10111 72
1736230672316 1.11329 73
1736230738366 1.10786 74
1736230817147 1.10775 75
1736230898984 1.10183 76
1736230973968 1.10743 77
1736231039831 1.09847 78
1736231106613 1.10146 79
1736231172736 1.09818 80
1736231256501 1.0964 81
1736231327696 1.09946 82
1736231393536 1.10644 83
1736231461899 1.10054 84
1736231528573 1.09672 85
1736231801798 1.09816 86
1736231884029 1.09876 87
1736231951550 1.09704 88
1736232017413 1.09762 89
1736232083606 1.09508 90
1736232165000 1.09631 91
1736232231130 1.08854 92
1736232303555 1.08882 93
1736232375484 1.09269 94
1736232500170 1.09539 95
1736232576362 1.0908 96
1736232644437 1.09403 97
1736232715905 1.09537 98
1736232781876 1.09197 99
1736232847613 1.0993 100
1736232913857 1.08654 101
1736232979790 1.09491 102
1736233046024 1.08556 103
1736233111658 1.09777 104
1736233179584 1.08611 105
1736233246546 1.08911 106
1736233337429 1.08823 107
1736233418563 1.08158 108
1736233485943 1.08559 109
1736233627806 1.08448 110
1736233701311 1.07711 111
1736233788629 1.08629 112
1736233859333 1.08634 113
1736233926141 1.09076 114
1736233992178 1.08244 115
1736234058411 1.08407 116
1736234124831 1.07513 117
1736234190877 1.07893 118
1736234262945 1.08868 119
1736234329736 1.08025 120
1736234395261 1.0807 121
1736234460920 1.0784 122
1736234528102 1.08633 123
1736234593816 1.08019 124
1736234659933 1.07752 125
1736234725897 1.08242 126
1736234792057 1.08048 127
1736234862500 1.07881 128
1736234928300 1.08308 129
1736234996624 1.06722 130
1736235063176 1.07417 131
1736235129278 1.07004 132
1736235195769 1.07375 133
1736235593735 1.07175 134
1736235671012 1.07488 135
1736235741741 1.0678 136
1736235815983 1.07469 137
1736235885528 1.07453 138
1736235952697 1.06916 139
1736236147724 1.0732 140
1736236215880 1.07216 141
1736236281420 1.07783 142
1736236347113 1.07875 143
1736236540888 1.07813 144
1736236621272 1.07159 145
1736236691649 1.0789 146
1736236758287 1.07103 147
1736236824492 1.06989 148
1736236890413 1.07373 149
1736236965431 1.07097 150
1736237128967 1.07273 151
1736237201272 1.06783 152
1736237269040 1.07074 153
1736237335648 1.07454 154
