1736070348425 1.92883 0
1736070412881 1.4285 1
1736070460060 1.40487 2
1736070505341 1.34809 3
1736070551460 1.30978 4
1736070596937 1.29589 5
1736070643102 1.25397 6
1736070688487 1.23151 7
1736070734152 1.20877 8
1736070779987 1.21074 9
1736070835028 1.17771 10
1736070887311 1.18757 11
1736070932663 1.18017 12
1736070978550 1.16283 13
1736071033130 1.16345 14
1736071080827 1.15516 15
1736071127354 1.1453 16
1736071173489 1.15166 17
1736071219792 1.1367 18
1736071270708 1.14132 19
1736071316823 1.13296 20
1736071367417 1.12248 21
1736071413233 1.12086 22
1736071459488 1.12943 23
1736071506432 1.11636 24
1736071553171 1.11335 25
1736071751665 1.10884 26
1736071799076 1.11529 27
1736071845092 1.11023 28
1736071890567 1.10083 29
1736071936406 1.09383 30
1736071982436 1.10072 31
1736072030947 1.1058 32
1736072077512 1.09563 33
1736072123870 1.08802 34
1736072170084 1.08818 35
1736072216605 1.08536 36
1736072263300 1.09229 37
1736072318297 1.08901 38
1736072364754 1.07233 39
1736072411889 1.08109 40
1736072457952 1.08167 41
1736072555327 1.07343 42
1736072623423 1.07539 43
1736072669020 1.06876 44
1736072722802 1.07817 45
1736072784982 1.07662 46
1736072832672 1.06636 47
1736072889631 1.07525 48
1736072936338 1.07892 49
1736072982900 1.0702 50
1736073029287 1.06515 51
1736073076599 1.06431 52
1736073127938 1.06284 53
1736073174811 1.05665 54
1736073242202 1.05404 55
1736073291891 1.05993 56
1736073338910 1.04808 57
1736073385758 1.05024 58
1736073432961 1.05781 59
1736073479748 1.05816 60
1736073529412 1.05691 61
1736073585351 1.05893 62
1736073635480 1.05974 63
1736073681903 1.05572 64
1736073728687 1.05006 65
1736073775668 1.04849 66
1736073822578 1.04484 67
1736073869585 1.04792 68
1736073917802 1.0439 69
1736073964467 1.04452 70
1736074011347 1.03897 71
1736074058758 1.04767 72
1736074105053 1.04149 73
1736074151528 1.03336 74
1736074208578 1.03573 75
1736074268888 1.03388 76
1736074613948 1.03469 77
1736074671489 1.0279 78
1736074716516 1.03945 79
1736074761483 1.0402 80
1736074822946 1.03013 81
1736074871360 1.02315 82
1736074917336 1.03225 83
1736074965036 1.0269 84
1736075011200 1.02606 85
1736075067767 1.02794 86
1736075194582 1.03272 87
1736075243289 1.03211 88
1736075289065 1.02426 89
1736075336738 1.026 90
1736075398719 1.02708 91
1736075443740 1.02157 92
1736075560178 1.01799 93
1736075614497 1.01406 94
1736075665575 1.02817 95
1736075714765 1.02219 96
1736075762381 1.01086 97
1736075813225 1.01928 98
1736075860155 1.01905 99
1736075906674 1.02085 100
1736075953423 1.01527 101
1736075999885 1.01941 102
1736076046608 1.0095 103
1736076093000 1.01566 104
1736076141112 1.01642 105
1736076188751 1.02667 106
1736076239065 1.00404 107
1736076285589 1.0062 108
1736076333758 1.00921 109
1736076383237 1.01892 110
1736076430900 1.00678 111
1736076494255 1.01175 112
1736076544575 1.0076 113
1736076591915 1.01215 114
1736076639686 1.0091 115
1736076687236 1.00617 116
1736076734738 1.01321 117
1736076781862 1.00914 118
1736076833839 1.00771 119
1736076880934 1.00562 120
1736076927728 1.00005 121
1736076974380 1.00096 122
1736077020966 1.00529 123
1736077067760 1.00047 124
1736077114604 1.00332 125
1736077160636 0.98946 126
1736077207700 0.99773 127
1736077258287 0.99909 128
1736077304671 0.99548 129
1736077354357 0.99841 130
1736077400971 0.99213 131
1736077448121 0.99449 132
1736077494597 0.98905 133
1736077576163 0.98744 134
1736077621966 0.99404 135
1736077671066 0.98863 136
1736077720417 0.9936 137
1736077766918 0.99235 138
1736077813937 0.9905 139
1736077861100 0.98463 140
1736077907926 0.98977 141
1736077954422 0.99013 142
1736078001112 0.98804 143
1736078051198 0.99006 144
1736078105682 0.98542 145
1736078153332 0.98659 146
1736078200197 0.99377 147
