1736070348425 2.05969 0
1736070412881 0.76839 1
1736070460060 0.73675 2
1736070505341 0.70563 3
1736070551460 0.67296 4
1736070596937 0.64436 5
1736070643102 0.62646 6
1736070688487 0.61078 7
1736070734152 0.59381 8
1736070779987 0.58613 9
1736070835028 0.56947 10
1736070887311 0.57229 11
1736070932663 0.56209 12
1736070978550 0.55347 13
1736071033130 0.54665 14
1736071080827 0.5402 15
1736071127354 0.53548 16
1736071173489 0.53588 17
1736071219792 0.53011 18
1736071270708 0.52359 19
1736071316823 0.52133 20
1736071367417 0.51906 21
1736071413233 0.51217 22
1736071459488 0.5134 23
1736071506432 0.50975 24
1736071553171 0.50814 25
1736071751665 0.50652 26
1736071799076 0.50303 27
1736071845092 0.50026 28
1736071890567 0.49775 29
1736071936406 0.49465 30
1736071982436 0.49704 31
1736072030947 0.49243 32
1736072077512 0.49258 33
1736072123870 0.4861 34
1736072170084 0.48404 35
1736072216605 0.48596 36
1736072263300 0.48495 37
1736072318297 0.48666 38
1736072364754 0.47643 39
1736072411889 0.48009 40
1736072457952 0.47898 41
1736072555327 0.47556 42
1736072623423 0.47738 43
1736072669020 0.47407 44
1736072722802 0.47227 45
1736072784982 0.47749 46
1736072832672 0.46951 47
1736072889631 0.47036 48
1736072936338 0.4697 49
1736072982900 0.46867 50
1736073029287 0.46702 51
1736073076599 0.46827 52
1736073127938 0.46362 53
1736073174811 0.46488 54
1736073242202 0.46375 55
1736073291891 0.46273 56
1736073338910 0.45946 57
1736073385758 0.4608 58
1736073432961 0.45971 59
1736073479748 0.46032 60
1736073529412 0.46146 61
1736073585351 0.46218 62
1736073635480 0.45995 63
1736073681903 0.4572 64
1736073728687 0.45913 65
1736073775668 0.45646 66
1736073822578 0.45364 67
1736073869585 0.45628 68
1736073917802 0.45145 69
1736073964467 0.45426 70
1736074011347 0.45359 71
1736074058758 0.45517 72
1736074105053 0.4527 73
1736074151528 0.44988 74
1736074208578 0.45055 75
1736074268888 0.44813 76
1736074613948 0.44778 77
1736074671489 0.44418 78
1736074716516 0.44914 79
1736074761483 0.44661 80
1736074822946 0.44599 81
1736074871360 0.44378 82
1736074917336 0.44483 83
1736074965036 0.44238 84
1736075011200 0.44111 85
1736075067767 0.44445 86
1736075194582 0.4463 87
1736075243289 0.44644 88
1736075289065 0.44085 89
1736075336738 0.44224 90
1736075398719 0.44312 91
1736075443740 0.44 92
1736075560178 0.43851 93
1736075614497 0.44035 94
1736075665575 0.44245 95
1736075714765 0.43985 96
1736075762381 0.43625 97
1736075813225 0.43605 98
1736075860155 0.44004 99
1736075906674 0.43888 100
1736075953423 0.43636 101
1736075999885 0.43941 102
1736076046608 0.43508 103
1736076093000 0.43654 104
1736076141112 0.43649 105
1736076188751 0.43928 106
1736076239065 0.43524 107
1736076285589 0.43254 108
1736076333758 0.43216 109
1736076383237 0.43583 110
1736076430900 0.43089 111
1736076494255 0.43338 112
1736076544575 0.43138 113
1736076591915 0.4329 114
1736076639686 0.43513 115
1736076687236 0.43051 116
1736076734738 0.43147 117
1736076781862 0.43295 118
1736076833839 0.43193 119
1736076880934 0.42973 120
1736076927728 0.42881 121
1736076974380 0.42931 122
1736077020966 0.43225 123
1736077067760 0.42929 124
1736077114604 0.42876 125
1736077160636 0.42671 126
1736077207700 0.42792 127
1736077258287 0.42971 128
1736077304671 0.42816 129
1736077354357 0.42752 130
1736077400971 0.42497 131
1736077448121 0.42566 132
1736077494597 0.42253 133
1736077576163 0.42426 134
1736077621966 0.42675 135
1736077671066 0.42106 136
1736077720417 0.42506 137
1736077766918 0.4246 138
1736077813937 0.42417 139
1736077861100 0.42392 140
1736077907926 0.42148 141
1736077954422 0.42552 142
1736078001112 0.42193 143
1736078051198 0.42495 144
1736078105682 0.42229 145
1736078153332 0.42166 146
1736078200197 0.42342 147
