1736070348425 1.68008 0
1736070412881 1.34671 1
1736070460060 1.32194 2
1736070505341 1.28549 3
1736070551460 1.25533 4
1736070596937 1.2534 5
1736070643102 1.21905 6
1736070688487 1.21966 7
1736070734152 1.20191 8
1736070779987 1.199 9
1736070835028 1.1942 10
1736070887311 1.19086 11
1736070932663 1.19138 12
1736070978550 1.17952 13
1736071033130 1.17797 14
1736071080827 1.17262 15
1736071127354 1.16098 16
1736071173489 1.17302 17
1736071219792 1.162 18
1736071270708 1.16232 19
1736071316823 1.16339 20
1736071367417 1.14982 21
1736071413233 1.15163 22
1736071459488 1.15888 23
1736071506432 1.14351 24
1736071553171 1.1426 25
1736071751665 1.1482 26
1736071799076 1.15307 27
1736071845092 1.14237 28
1736071890567 1.14703 29
1736071936406 1.13261 30
1736071982436 1.14181 31
1736072030947 1.14122 32
1736072077512 1.13836 33
1736072123870 1.13614 34
1736072170084 1.13121 35
1736072216605 1.13056 36
1736072263300 1.13963 37
1736072318297 1.13014 38
1736072364754 1.12698 39
1736072411889 1.12532 40
1736072457952 1.13924 41
1736072555327 1.12232 42
1736072623423 1.11964 43
1736072669020 1.1202 44
1736072722802 1.12244 45
1736072784982 1.12813 46
1736072832672 1.12143 47
1736072889631 1.13832 48
1736072936338 1.13103 49
1736072982900 1.12488 50
1736073029287 1.11898 51
1736073076599 1.12059 52
1736073127938 1.11667 53
1736073174811 1.1212 54
1736073242202 1.11469 55
1736073291891 1.12453 56
1736073338910 1.09864 57
1736073385758 1.10979 58
1736073432961 1.1116 59
1736073479748 1.11497 60
1736073529412 1.11099 61
1736073585351 1.12035 62
1736073635480 1.1181 63
1736073681903 1.11081 64
1736073728687 1.1149 65
1736073775668 1.11892 66
1736073822578 1.10822 67
1736073869585 1.10587 68
1736073917802 1.11183 69
1736073964467 1.10567 70
1736074011347 1.10602 71
1736074058758 1.10616 72
1736074105053 1.11686 73
1736074151528 1.10947 74
1736074208578 1.10819 75
1736074268888 1.10126 76
1736074613948 1.10485 77
1736074671489 1.09921 78
1736074716516 1.10732 79
1736074761483 1.10033 80
1736074822946 1.09899 81
1736074871360 1.10122 82
1736074917336 1.10711 83
1736074965036 1.10248 84
1736075011200 1.09771 85
1736075067767 1.10423 86
1736075194582 1.10368 87
1736075243289 1.09911 88
1736075289065 1.10054 89
1736075336738 1.10039 90
1736075398719 1.09924 91
1736075443740 1.09058 92
1736075560178 1.09086 93
1736075614497 1.0952 94
1736075665575 1.09949 95
1736075714765 1.09462 96
1736075762381 1.09498 97
1736075813225 1.0976 98
1736075860155 1.09356 99
1736075906674 1.10147 100
1736075953423 1.0877 101
1736075999885 1.09472 102
1736076046608 1.08803 103
1736076093000 1.10107 104
1736076141112 1.09038 105
1736076188751 1.09297 106
1736076239065 1.0866 107
1736076285589 1.084 108
1736076333758 1.08782 109
1736076383237 1.09049 110
1736076430900 1.0801 111
1736076494255 1.09089 112
1736076544575 1.08991 113
1736076591915 1.0936 114
1736076639686 1.08842 115
1736076687236 1.08708 116
1736076734738 1.07904 117
1736076781862 1.0833 118
1736076833839 1.0926 119
1736076880934 1.08369 120
1736076927728 1.08704 121
1736076974380 1.08227 122
1736077020966 1.0903 123
1736077067760 1.08539 124
1736077114604 1.08044 125
1736077160636 1.08343 126
1736077207700 1.0815 127
1736077258287 1.08042 128
1736077304671 1.08649 129
1736077354357 1.0716 130
1736077400971 1.07769 131
1736077448121 1.07431 132
1736077494597 1.08055 133
1736077576163 1.07493 134
1736077621966 1.07894 135
1736077671066 1.07191 136
1736077720417 1.07561 137
1736077766918 1.07665 138
1736077813937 1.07158 139
1736077861100 1.0739 140
1736077907926 1.07395 141
1736077954422 1.07811 142
1736078001112 1.08051 143
1736078051198 1.08035 144
1736078105682 1.07281 145
1736078153332 1.07926 146
1736078200197 1.0733 147
