1736130484339 0.58823 0
1736130933028 0.53001 1
1736130977116 0.61168 2
1736131020047 0.56962 3
1736131063883 0.66774 4
1736131107553 0.58514 5
1736131152620 0.63433 6
1736131196513 0.60201 7
1736131241345 0.68992 8
1736131287102 0.69534 9
1736131340608 0.69988 10
1736131391871 0.69453 11
1736131438746 0.57397 12
1736131485101 0.67847 13
1736131538865 0.67071 14
1736131587950 0.66214 15
1736131635421 0.65773 16
1736131682736 0.63579 17
1736131729545 0.60302 18
1736131779908 0.65465 19
1736131826819 0.68071 20
1736131877671 0.65458 21
1736131924351 0.70874 22
1736131971104 0.64943 23
1736132018605 0.66788 24
1736132066452 0.70763 25
1736132120707 0.69531 26
1736132167831 0.64875 27
1736132215445 0.64119 28
1736132262928 0.68969 29
1736132310489 0.6581 30
1736132358045 0.67573 31
1736132406842 0.68938 32
1736132453749 0.63083 33
1736132502063 0.70823 34
1736132551286 0.71119 35
1736132601414 0.70957 36
1736132648903 0.6634 37
1736132701476 0.70162 38
1736132748681 0.69821 39
1736132796554 0.68046 40
1736132843241 0.70032 41
1736132889999 0.67046 42
1736132953724 0.67118 43
1736132999970 0.65697 44
1736133051951 0.7266 45
1736133097983 0.70194 46
1736133143869 0.71754 47
1736133234829 0.70078 48
1736133278674 0.6777 49
1736133323405 0.67142 50
1736133368433 0.6896 51
1736133413198 0.71845 52
1736136543917 0.72459 53
1736136584172 0.71549 54
1736136627770 0.6773 55
1736136670073 0.68501 56
1736136712608 0.7234 57
1736136755765 0.68116 58
1736136798890 0.6677 59
1736136841970 0.69967 60
1736136886125 0.69522 61
1736136976147 0.69292 62
1736137022085 0.6738 63
1736137065121 0.67467 64
1736137108690 0.64928 65
1736137152367 0.69478 66
1736137196552 0.68766 67
1736137241196 0.67707 68
1736137285853 0.69263 69
1736137330349 0.70611 70
1736137374324 0.71132 71
1736137418898 0.69278 72
1736137463147 0.68337 73
1736137507892 0.71038 74
1736137557867 0.67753 75
1736137610218 0.69029 76
1736137661558 0.70617 77
1736137706381 0.69347 78
1736137751182 0.699 79
1736137796241 0.68293 80
1736137851260 0.69469 81
1736137896925 0.67768 82
1736137941583 0.68377 83
1736137986928 0.68332 84
1736138194805 0.66815 85
1736138247877 0.70558 86
1736138292170 0.67919 87
1736138334881 0.6737 88
1736138378521 0.71005 89
1736138423372 0.68411 90
1736138476650 0.68317 91
1736138521673 0.68351 92
1736138570209 0.69637 93
1736138619853 0.7092 94
1736138668900 0.71405 95
1736138717187 0.67269 96
1736138763802 0.66045 97
1736138813751 0.67771 98
1736138860284 0.70189 99
1736138906444 0.67781 100
1736138953002 0.70201 101
1736138999611 0.70332 102
1736139046125 0.69292 103
1736139092588 0.6986 104
1736139139440 0.70248 105
1736139186108 0.66947 106
1736139235099 0.70585 107
1736139281672 0.69041 108
1736139328792 0.68706 109
1736139376974 0.70887 110
1736139424150 0.65566 111
1736139471950 0.72077 112
1736139517906 0.6945 113
1736139564720 0.68685 114
1736139611691 0.68763 115
1736139658298 0.70052 116
1736139705301 0.69931 117
1736139751821 0.69507 118
1736139802649 0.69779 119
1736139849116 0.71307 120
1736139895807 0.68227 121
1736139942369 0.69881 122
1736139989055 0.66208 123
1736140035477 0.70022 124
1736140082297 0.67812 125
1736140128295 0.71123 126
1736140174742 0.68791 127
1736140239066 0.69947 128
1736140284782 0.68641 129
1736140332850 0.69738 130
1736140379125 0.70216 131
1736140425990 0.70244 132
1736140471981 0.70962 133
1736140550837 0.69088 134
1736140596905 0.69088 135
1736140644511 0.71739 136
1736140692586 0.686 137
1736140738727 0.69231 138
1736140784895 0.71088 139
1736140831343 0.69023 140
1736140877653 0.69644 141
1736140923854 0.69911 142
1736140970118 0.67573 143
1736141018987 0.69328 144
1736141068079 0.69254 145
1736141081003 0.7265497612364784 145
