1736130484339 0.9564 0
1736130933028 0.96769 1
1736130977116 0.96486 2
1736131020047 0.9701 3
1736131063883 0.98081 4
1736131107553 0.978 5
1736131152620 0.98154 6
1736131196513 0.97954 7
1736131241345 0.98284 8
1736131287102 0.98216 9
1736131340608 0.9822 10
1736131391871 0.98312 11
1736131438746 0.97286 12
1736131485101 0.98327 13
1736131538865 0.98351 14
1736131587950 0.98114 15
1736131635421 0.98281 16
1736131682736 0.98344 17
1736131729545 0.98294 18
1736131779908 0.98357 19
1736131826819 0.9821 20
1736131877671 0.98346 21
1736131924351 0.98336 22
1736131971104 0.98171 23
1736132018605 0.98365 24
1736132066452 0.98347 25
1736132120707 0.98365 26
1736132167831 0.98273 27
1736132215445 0.98172 28
1736132262928 0.98434 29
1736132310489 0.98249 30
1736132358045 0.98075 31
1736132406842 0.98449 32
1736132453749 0.98228 33
1736132502063 0.98489 34
1736132551286 0.98425 35
1736132601414 0.98469 36
1736132648903 0.9837 37
1736132701476 0.98382 38
1736132748681 0.9841 39
1736132796554 0.9842 40
1736132843241 0.98556 41
1736132889999 0.98406 42
1736132953724 0.98465 43
1736132999970 0.98482 44
1736133051951 0.98438 45
1736133097983 0.98461 46
1736133143869 0.98525 47
1736133234829 0.9845 48
1736133278674 0.98408 49
1736133323405 0.98341 50
1736133368433 0.98433 51
1736133413198 0.98645 52
1736136543917 0.9854 53
1736136584172 0.98538 54
1736136627770 0.98526 55
1736136670073 0.98586 56
1736136712608 0.98585 57
1736136755765 0.98464 58
1736136798890 0.98507 59
1736136841970 0.98604 60
1736136886125 0.98583 61
1736136976147 0.9851 62
1736137022085 0.98545 63
1736137065121 0.98543 64
1736137108690 0.98438 65
1736137152367 0.98569 66
1736137196552 0.98559 67
1736137241196 0.98569 68
1736137285853 0.98555 69
1736137330349 0.98655 70
1736137374324 0.98625 71
1736137418898 0.98558 72
1736137463147 0.98527 73
1736137507892 0.98626 74
1736137557867 0.98375 75
1736137610218 0.98573 76
1736137661558 0.98619 77
1736137706381 0.98582 78
1736137751182 0.98579 79
1736137796241 0.98606 80
1736137851260 0.98603 81
1736137896925 0.98569 82
1736137941583 0.98532 83
1736137986928 0.985 84
1736138194805 0.98486 85
1736138247877 0.98665 86
1736138292170 0.98507 87
1736138334881 0.98564 88
1736138378521 0.9863 89
1736138423372 0.98455 90
1736138476650 0.98548 91
1736138521673 0.98543 92
1736138570209 0.9851 93
1736138619853 0.98543 94
1736138668900 0.98665 95
1736138717187 0.98536 96
1736138763802 0.98441 97
1736138813751 0.9856 98
1736138860284 0.98541 99
1736138906444 0.9848 100
1736138953002 0.98569 101
1736138999611 0.98615 102
1736139046125 0.98603 103
1736139092588 0.98586 104
1736139139440 0.98578 105
1736139186108 0.98511 106
1736139235099 0.98604 107
1736139281672 0.98467 108
1736139328792 0.98456 109
1736139376974 0.98615 110
1736139424150 0.98405 111
1736139471950 0.98647 112
1736139517906 0.98629 113
1736139564720 0.98555 114
1736139611691 0.98592 115
1736139658298 0.98572 116
1736139705301 0.98507 117
1736139751821 0.98555 118
1736139802649 0.98585 119
1736139849116 0.98605 120
1736139895807 0.98555 121
1736139942369 0.98531 122
1736139989055 0.98506 123
1736140035477 0.9854 124
1736140082297 0.98562 125
1736140128295 0.98608 126
1736140174742 0.98546 127
1736140239066 0.98586 128
1736140284782 0.98531 129
1736140332850 0.98573 130
1736140379125 0.98636 131
1736140425990 0.98604 132
1736140471981 0.98641 133
1736140550837 0.98582 134
1736140596905 0.98607 135
1736140644511 0.98577 136
1736140692586 0.98519 137
1736140738727 0.98551 138
1736140784895 0.98623 139
1736140831343 0.98532 140
1736140877653 0.98589 141
1736140923854 0.98568 142
1736140970118 0.98496 143
1736141018987 0.98602 144
1736141068079 0.9861 145
1736141081003 0.9843821283220892 145
