1736130484339 0.89468 0
1736130933028 0.90834 1
1736130977116 0.90912 2
1736131020047 0.90427 3
1736131063883 0.93118 4
1736131107553 0.92693 5
1736131152620 0.93436 6
1736131196513 0.92428 7
1736131241345 0.93198 8
1736131287102 0.93485 9
1736131340608 0.93304 10
1736131391871 0.93377 11
1736131438746 0.9134 12
1736131485101 0.93523 13
1736131538865 0.93815 14
1736131587950 0.92487 15
1736131635421 0.93337 16
1736131682736 0.93422 17
1736131729545 0.93557 18
1736131779908 0.93952 19
1736131826819 0.93575 20
1736131877671 0.93437 21
1736131924351 0.93298 22
1736131971104 0.93505 23
1736132018605 0.93819 24
1736132066452 0.93669 25
1736132120707 0.93886 26
1736132167831 0.93005 27
1736132215445 0.93597 28
1736132262928 0.93851 29
1736132310489 0.93237 30
1736132358045 0.92411 31
1736132406842 0.93733 32
1736132453749 0.93356 33
1736132502063 0.939 34
1736132551286 0.93943 35
1736132601414 0.93699 36
1736132648903 0.93746 37
1736132701476 0.93825 38
1736132748681 0.94142 39
1736132796554 0.93676 40
1736132843241 0.93972 41
1736132889999 0.9363 42
1736132953724 0.93496 43
1736132999970 0.93823 44
1736133051951 0.93547 45
1736133097983 0.93864 46
1736133143869 0.93888 47
1736133234829 0.93771 48
1736133278674 0.93694 49
1736133323405 0.93398 50
1736133368433 0.93613 51
1736133413198 0.94154 52
1736136543917 0.9433 53
1736136584172 0.93854 54
1736136627770 0.93924 55
1736136670073 0.93833 56
1736136712608 0.94378 57
1736136755765 0.94051 58
1736136798890 0.93943 59
1736136841970 0.93924 60
1736136886125 0.94499 61
1736136976147 0.93823 62
1736137022085 0.93864 63
1736137065121 0.94002 64
1736137108690 0.93897 65
1736137152367 0.94188 66
1736137196552 0.94245 67
1736137241196 0.93878 68
1736137285853 0.93761 69
1736137330349 0.94291 70
1736137374324 0.94434 71
1736137418898 0.93551 72
1736137463147 0.9379 73
1736137507892 0.93962 74
1736137557867 0.93365 75
1736137610218 0.94152 76
1736137661558 0.94183 77
1736137706381 0.94076 78
1736137751182 0.93954 79
1736137796241 0.94387 80
1736137851260 0.94266 81
1736137896925 0.94477 82
1736137941583 0.93656 83
1736137986928 0.93861 84
1736138194805 0.93875 85
1736138247877 0.94211 86
1736138292170 0.93845 87
1736138334881 0.93652 88
1736138378521 0.94212 89
1736138423372 0.94021 90
1736138476650 0.93885 91
1736138521673 0.93731 92
1736138570209 0.9331 93
1736138619853 0.94019 94
1736138668900 0.94127 95
1736138717187 0.94475 96
1736138763802 0.93975 97
1736138813751 0.94037 98
1736138860284 0.94421 99
1736138906444 0.94058 100
1736138953002 0.93793 101
1736138999611 0.94025 102
1736139046125 0.93987 103
1736139092588 0.93952 104
1736139139440 0.94202 105
1736139186108 0.94101 106
1736139235099 0.94145 107
1736139281672 0.93965 108
1736139328792 0.93743 109
1736139376974 0.94435 110
1736139424150 0.93742 111
1736139471950 0.94655 112
1736139517906 0.94321 113
1736139564720 0.9467 114
1736139611691 0.93819 115
1736139658298 0.94278 116
1736139705301 0.94151 117
1736139751821 0.94377 118
1736139802649 0.94193 119
1736139849116 0.94224 120
1736139895807 0.93997 121
1736139942369 0.93861 122
1736139989055 0.93763 123
1736140035477 0.94092 124
1736140082297 0.93837 125
1736140128295 0.9442 126
1736140174742 0.93891 127
1736140239066 0.9413 128
1736140284782 0.94019 129
1736140332850 0.93773 130
1736140379125 0.94216 131
1736140425990 0.94478 132
1736140471981 0.94076 133
1736140550837 0.93823 134
1736140596905 0.93968 135
1736140644511 0.94356 136
1736140692586 0.94266 137
1736140738727 0.94111 138
1736140784895 0.94339 139
1736140831343 0.94114 140
1736140877653 0.94632 141
1736140923854 0.93898 142
1736140970118 0.93888 143
1736141018987 0.93921 144
1736141068079 0.94276 145
1736141081003 0.9353850265460303 145
