1736130484339 0.94688 0
1736130933028 0.94585 1
1736130977116 0.9512 2
1736131020047 0.95469 3
1736131063883 0.96222 4
1736131107553 0.95656 5
1736131152620 0.95681 6
1736131196513 0.96027 7
1736131241345 0.96076 8
1736131287102 0.95998 9
1736131340608 0.96582 10
1736131391871 0.96426 11
1736131438746 0.9418 12
1736131485101 0.96183 13
1736131538865 0.95868 14
1736131587950 0.96148 15
1736131635421 0.96589 16
1736131682736 0.95668 17
1736131729545 0.96059 18
1736131779908 0.96531 19
1736131826819 0.9672 20
1736131877671 0.96435 21
1736131924351 0.96227 22
1736131971104 0.96039 23
1736132018605 0.96091 24
1736132066452 0.96237 25
1736132120707 0.96176 26
1736132167831 0.96336 27
1736132215445 0.9618 28
1736132262928 0.96394 29
1736132310489 0.9608 30
1736132358045 0.95917 31
1736132406842 0.96522 32
1736132453749 0.95881 33
1736132502063 0.96588 34
1736132551286 0.95973 35
1736132601414 0.96556 36
1736132648903 0.96263 37
1736132701476 0.96252 38
1736132748681 0.96269 39
1736132796554 0.96512 40
1736132843241 0.96546 41
1736132889999 0.9649 42
1736132953724 0.96556 43
1736132999970 0.9631 44
1736133051951 0.96793 45
1736133097983 0.96611 46
1736133143869 0.96863 47
1736133234829 0.96372 48
1736133278674 0.96246 49
1736133323405 0.96754 50
1736133368433 0.9673 51
1736133413198 0.96532 52
1736136543917 0.96438 53
1736136584172 0.96644 54
1736136627770 0.96532 55
1736136670073 0.96435 56
1736136712608 0.96196 57
1736136755765 0.9631 58
1736136798890 0.96283 59
1736136841970 0.96755 60
1736136886125 0.96263 61
1736136976147 0.96471 62
1736137022085 0.9642 63
1736137065121 0.96461 64
1736137108690 0.96307 65
1736137152367 0.96308 66
1736137196552 0.96589 67
1736137241196 0.96659 68
1736137285853 0.96659 69
1736137330349 0.96414 70
1736137374324 0.96361 71
1736137418898 0.96855 72
1736137463147 0.96994 73
1736137507892 0.96649 74
1736137557867 0.96379 75
1736137610218 0.96471 76
1736137661558 0.96527 77
1736137706381 0.96252 78
1736137751182 0.96446 79
1736137796241 0.96289 80
1736137851260 0.96473 81
1736137896925 0.95938 82
1736137941583 0.96841 83
1736137986928 0.96344 84
1736138194805 0.9638 85
1736138247877 0.96735 86
1736138292170 0.96521 87
1736138334881 0.96913 88
1736138378521 0.96583 89
1736138423372 0.96192 90
1736138476650 0.96413 91
1736138521673 0.96786 92
1736138570209 0.96837 93
1736138619853 0.9664 94
1736138668900 0.9668 95
1736138717187 0.96077 96
1736138763802 0.96263 97
1736138813751 0.96364 98
1736138860284 0.96359 99
1736138906444 0.964 100
1736138953002 0.96939 101
1736138999611 0.9667 102
1736139046125 0.9672 103
1736139092588 0.96741 104
1736139139440 0.96435 105
1736139186108 0.96242 106
1736139235099 0.96491 107
1736139281672 0.96334 108
1736139328792 0.96676 109
1736139376974 0.96568 110
1736139424150 0.96512 111
1736139471950 0.9641 112
1736139517906 0.96512 113
1736139564720 0.96176 114
1736139611691 0.96715 115
1736139658298 0.96438 116
1736139705301 0.96413 117
1736139751821 0.96276 118
1736139802649 0.96168 119
1736139849116 0.96712 120
1736139895807 0.96823 121
1736139942369 0.96797 122
1736139989055 0.96832 123
1736140035477 0.96563 124
1736140082297 0.96779 125
1736140128295 0.96532 126
1736140174742 0.96756 127
1736140239066 0.96385 128
1736140284782 0.96613 129
1736140332850 0.97035 130
1736140379125 0.96582 131
1736140425990 0.9639 132
1736140471981 0.96663 133
1736140550837 0.96705 134
1736140596905 0.96741 135
1736140644511 0.96568 136
1736140692586 0.96555 137
1736140738727 0.96616 138
1736140784895 0.96601 139
1736140831343 0.96517 140
1736140877653 0.96189 141
1736140923854 0.96807 142
1736140970118 0.96617 143
1736141018987 0.96953 144
1736141068079 0.96583 145
1736141081003 0.9679812868226035 145
