1736373713123 0.97634 0
1736373850843 0.97314 1
1736373990344 0.97419 2
1736374127257 0.96529 3
1736374288474 0.96856 4
1736374440925 0.97363 5
1736374578236 0.97251 6
1736374716102 0.96761 7
1736375413814 0.97228 8
1736376499159 0.96773 9
1736376603130 0.96951 10
1736376711575 0.95472 11
1736376827442 0.96545 12
1736376937163 0.97365 13
1736377045602 0.97051 14
1736377154331 0.97527 15
1736377263047 0.9726 16
1736377369563 0.97137 17
1736377476562 0.97525 18
1736377582623 0.97251 19
1736377690513 0.97686 20
1736377795105 0.97173 21
1736377901706 0.97247 22
1736378010043 0.97691 23
1736378114556 0.97514 24
1736378221661 0.97491 25
1736378328204 0.97446 26
1736378436072 0.97134 27
1736378542868 0.96736 28
1736378649549 0.97331 29
1736378755920 0.9764 30
1736378864395 0.97242 31
1736378970913 0.97097 32
1736379076630 0.9793 33
1736379183973 0.9766 34
1736379292113 0.97547 35
1736379399789 0.97127 36
1736379507511 0.96282 37
1736379613285 0.97138 38
1736379719014 0.97525 39
1736379825945 0.97539 40
1736379931640 0.97529 41
1736380039027 0.97503 42
1736380145355 0.97119 43
1736380150849 0.979296583636999 43
