1736373713123 0.50184 0
1736373850843 0.64977 1
1736373990344 0.62683 2
1736374127257 0.62503 3
1736374288474 0.67064 4
1736374440925 0.66872 5
1736374578236 0.68271 6
1736374716102 0.66648 7
1736375413814 0.66307 8
1736376499159 0.67983 9
1736376603130 0.68301 10
1736376711575 0.66866 11
1736376827442 0.68658 12
1736376937163 0.70776 13
1736377045602 0.67678 14
1736377154331 0.70406 15
1736377263047 0.68683 16
1736377369563 0.68211 17
1736377476562 0.70021 18
1736377582623 0.68493 19
1736377690513 0.71022 20
1736377795105 0.69935 21
1736377901706 0.69404 22
1736378010043 0.69175 23
1736378114556 0.70402 24
1736378221661 0.70701 25
1736378328204 0.70825 26
1736378436072 0.6866 27
1736378542868 0.69681 28
1736378649549 0.70674 29
1736378755920 0.71586 30
1736378864395 0.70972 31
1736378970913 0.7051 32
1736379076630 0.72225 33
1736379183973 0.71345 34
1736379292113 0.71104 35
1736379399789 0.6993 36
1736379507511 0.69948 37
1736379613285 0.70583 38
1736379719014 0.70683 39
1736379825945 0.71458 40
1736379931640 0.71238 41
1736380039027 0.702 42
1736380145355 0.70437 43
1736380150849 0.7228891858389423 43
