1736373713123 0.95844 0
1736373850843 0.9619 1
1736373990344 0.9651 2
1736374127257 0.95729 3
1736374288474 0.9594 4
1736374440925 0.95792 5
1736374578236 0.95519 6
1736374716102 0.95454 7
1736375413814 0.95933 8
1736376499159 0.95724 9
1736376603130 0.94948 10
1736376711575 0.95864 11
1736376827442 0.95729 12
1736376937163 0.96105 13
1736377045602 0.96416 14
1736377154331 0.96129 15
1736377263047 0.9654 16
1736377369563 0.9618 17
1736377476562 0.9593 18
1736377582623 0.9622 19
1736377690513 0.95702 20
1736377795105 0.95959 21
1736377901706 0.96198 22
1736378010043 0.96257 23
1736378114556 0.96551 24
1736378221661 0.95963 25
1736378328204 0.96556 26
1736378436072 0.95828 27
1736378542868 0.96629 28
1736378649549 0.95614 29
1736378755920 0.96236 30
1736378864395 0.96453 31
1736378970913 0.96365 32
1736379076630 0.96305 33
1736379183973 0.96217 34
1736379292113 0.96064 35
1736379399789 0.96205 36
1736379507511 0.96634 37
1736379613285 0.96102 38
1736379719014 0.96476 39
1736379825945 0.96462 40
1736379931640 0.96135 41
1736380039027 0.96213 42
1736380145355 0.96229 43
1736380150849 0.9630497495234094 43
