1736373713123 0.98247 0
1736373850843 0.97814 1
1736373990344 0.96943 2
1736374127257 0.97232 3
1736374288474 0.98102 4
1736374440925 0.97786 5
1736374578236 0.98325 6
1736374716102 0.98789 7
1736375413814 0.97933 8
1736376499159 0.98432 9
1736376603130 0.98339 10
1736376711575 0.98355 11
1736376827442 0.98339 12
1736376937163 0.98063 13
1736377045602 0.97878 14
1736377154331 0.98513 15
1736377263047 0.97878 16
1736377369563 0.98339 17
1736377476562 0.98616 18
1736377582623 0.98524 19
1736377690513 0.98596 20
1736377795105 0.98569 21
1736377901706 0.98247 22
1736378010043 0.98524 23
1736378114556 0.9813 24
1736378221661 0.98616 25
1736378328204 0.98268 26
1736378436072 0.98524 27
1736378542868 0.97853 28
1736378649549 0.9855 29
1736378755920 0.98432 30
1736378864395 0.98247 31
1736378970913 0.98247 32
1736379076630 0.9858 33
1736379183973 0.98557 34
1736379292113 0.98616 35
1736379399789 0.98063 36
1736379507511 0.98155 37
1736379613285 0.98524 38
1736379719014 0.98484 39
1736379825945 0.98524 40
1736379931640 0.98661 41
1736380039027 0.98616 42
1736380145355 0.98432 43
1736380150849 0.9857936091670797 43
