1736154385362 0.53675 0
1736154546832 0.57108 1
1736154612510 0.59022 2
1736154679425 0.5831 3
1736154746798 0.6304 4
1736154816786 0.66787 5
1736154882439 0.64955 6
1736154948204 0.59039 7
1736155013747 0.70454 8
1736155079826 0.68387 9
1736155169978 0.71421 10
1736155273788 0.72392 11
1736155338941 0.66662 12
1736155404558 0.67919 13
1736155507525 0.6755 14
1736155595994 0.68518 15
1736155665670 0.67579 16
1736155732090 0.70969 17
1736155798144 0.71465 18
1736155879305 0.67569 19
1736155945328 0.73438 20
1736156027622 0.70581 21
1736156093833 0.70187 22
1736156162757 0.68097 23
1736156229139 0.66509 24
1736156334667 0.7344 25
1736156454154 0.72038 26
1736156525233 0.69173 27
1736156601781 0.7266 28
1736156665035 0.74118 29
1736156728250 0.70531 30
1736156791594 0.73395 31
1736156864139 0.68242 32
1736156930424 0.67719 33
1736156992783 0.7054 34
1736157055779 0.73748 35
1736157118150 0.7261 36
1736157182013 0.72022 37
1736157559965 0.7259 38
1736157626529 0.71094 39
1736157694235 0.72167 40
1736157759958 0.69713 41
1736157828250 0.73486 42
1736157959860 0.68497 43
1736158022040 0.71136 44
1736158103165 0.73138 45
1736158192160 0.72149 46
1736158253187 0.71519 47
1736158439445 0.72091 48
1736158500506 0.7044 49
1736158561906 0.68638 50
1736158632330 0.7143 51
1736158700225 0.71223 52
1736158782183 0.72933 53
1736158843382 0.72955 54
1736158917212 0.71034 55
1736158978288 0.71037 56
1736159041770 0.7071 57
1736159103503 0.71482 58
1736159170034 0.73655 59
1736159231295 0.71605 60
1736159301800 0.74192 61
1736159681273 0.67706 62
1736159754269 0.72779 63
1736159815148 0.74102 64
1736159910106 0.67049 65
1736159971059 0.724 66
1736160034579 0.71074 67
1736160101930 0.69718 68
1736160229120 0.70748 69
1736160290437 0.69581 70
1736160351615 0.70731 71
1736160412968 0.71675 72
1736160473883 0.70203 73
1736160535157 0.71294 74
1736160648681 0.70959 75
1736160749602 0.69278 76
1736161001592 0.73444 77
1736161061014 0.71659 78
1736161122598 0.70371 79
1736161359307 0.70397 80
1736161470368 0.70793 81
1736161713158 0.72397 82
1736161775476 0.70106 83
1736161843089 0.7167 84
1736161904012 0.70351 85
1736162004142 0.70656 86
1736162074202 0.7099 87
1736162306147 0.69105 88
1736162368692 0.72044 89
1736162430316 0.68948 90
1736162579937 0.72194 91
1736162640476 0.70806 92
1736162719130 0.69908 93
1736162796337 0.71287 94
1736163025169 0.73599 95
1736163095450 0.69913 96
1736163164025 0.7357 97
1736163249709 0.7019 98
1736163311589 0.71743 99
1736163372647 0.70316 100
1736163434286 0.72144 101
1736163501499 0.70377 102
1736163562881 0.73031 103
1736163623784 0.72343 104
1736163761448 0.71278 105
1736163822784 0.71395 106
1736163896223 0.72791 107
1736163957576 0.71876 108
1736164061446 0.70662 109
1736164132216 0.71767 110
1736164199606 0.6937 111
1736164352959 0.72376 112
1736164414250 0.70077 113
1736164475374 0.71327 114
1736164539631 0.71264 115
1736164600792 0.71035 116
1736164662778 0.71733 117
1736164724781 0.69506 118
1736164805270 0.72077 119
1736164867606 0.72165 120
1736164928838 0.71592 121
1736164990079 0.71157 122
1736165051109 0.70114 123
1736165133907 0.72145 124
1736165198535 0.70717 125
1736165259338 0.70742 126
1736165320614 0.69915 127
1736165397398 0.70909 128
1736165460117 0.71176 129
1736165651663 0.71544 130
1736165713179 0.72187 131
1736165778496 0.71197 132
1736165919538 0.71063 133
1736166071970 0.69588 134
1736166134236 0.70082 135
1736166213295 0.72231 136
1736166293305 0.69321 137
1736166358968 0.70935 138
1736166425612 0.71034 139
1736166589735 0.72808 140
1736166651961 0.70103 141
1736166714627 0.70691 142
1736166775352 0.70675 143
1736166895619 0.72226 144
1736167039432 0.70952 145
1736167101019 0.71075 146
1736167162288 0.71658 147
1736167223087 0.72701 148
1736167289004 0.71297 149
1736167572634 0.70988 150
1736167649674 0.70418 151
1736167719469 0.7296 152
1736167862412 0.69679 153
1736167932274 0.71767 154
1736168000378 0.71841 155
1736168078494 0.71403 156
1736168139530 0.69281 157
1736168204614 0.70713 158
1736168265999 0.71154 159
1736168375062 0.6968 160
1736168448916 0.7132 161
1736168460018 0.7417554123452677 161
