1736154385362 0.81785 0
1736154546832 0.90842 1
1736154612510 0.90853 2
1736154679425 0.94475 3
1736154746798 0.95952 4
1736154816786 0.96594 5
1736154882439 0.97207 6
1736154948204 0.95937 7
1736155013747 0.97501 8
1736155079826 0.9764 9
1736155169978 0.9776 10
1736155273788 0.98009 11
1736155338941 0.97654 12
1736155404558 0.97779 13
1736155507525 0.9783 14
1736155595994 0.97873 15
1736155665670 0.98098 16
1736155732090 0.97913 17
1736155798144 0.98182 18
1736155879305 0.98201 19
1736155945328 0.98173 20
1736156027622 0.98119 21
1736156093833 0.98217 22
1736156162757 0.98107 23
1736156229139 0.9807 24
1736156334667 0.9809 25
1736156454154 0.98154 26
1736156525233 0.98152 27
1736156601781 0.98243 28
1736156665035 0.98328 29
1736156728250 0.98288 30
1736156791594 0.98214 31
1736156864139 0.98309 32
1736156930424 0.98297 33
1736156992783 0.98328 34
1736157055779 0.98338 35
1736157118150 0.98327 36
1736157182013 0.98316 37
1736157559965 0.98353 38
1736157626529 0.98306 39
1736157694235 0.98388 40
1736157759958 0.98404 41
1736157828250 0.98437 42
1736157959860 0.98323 43
1736158022040 0.98423 44
1736158103165 0.98464 45
1736158192160 0.984 46
1736158253187 0.98371 47
1736158439445 0.98435 48
1736158500506 0.98285 49
1736158561906 0.98377 50
1736158632330 0.98436 51
1736158700225 0.9849 52
1736158782183 0.98379 53
1736158843382 0.98384 54
1736158917212 0.98483 55
1736158978288 0.9843 56
1736159041770 0.98436 57
1736159103503 0.98443 58
1736159170034 0.98575 59
1736159231295 0.98471 60
1736159301800 0.98557 61
1736159681273 0.98277 62
1736159754269 0.98463 63
1736159815148 0.98515 64
1736159910106 0.98242 65
1736159971059 0.98468 66
1736160034579 0.98497 67
1736160101930 0.98397 68
1736160229120 0.98475 69
1736160290437 0.98489 70
1736160351615 0.98499 71
1736160412968 0.9853 72
1736160473883 0.98459 73
1736160535157 0.98466 74
1736160648681 0.98551 75
1736160749602 0.9843 76
1736161001592 0.98612 77
1736161061014 0.9858 78
1736161122598 0.98455 79
1736161359307 0.9852 80
1736161470368 0.98482 81
1736161713158 0.98561 82
1736161775476 0.98302 83
1736161843089 0.98535 84
1736161904012 0.98412 85
1736162004142 0.98538 86
1736162074202 0.9846 87
1736162306147 0.98368 88
1736162368692 0.98561 89
1736162430316 0.98496 90
1736162579937 0.9852 91
1736162640476 0.98492 92
1736162719130 0.984 93
1736162796337 0.98514 94
1736163025169 0.98569 95
1736163095450 0.98532 96
1736163164025 0.98551 97
1736163249709 0.98548 98
1736163311589 0.98508 99
1736163372647 0.98398 100
1736163434286 0.98534 101
1736163501499 0.98471 102
1736163562881 0.98522 103
1736163623784 0.98593 104
1736163761448 0.98498 105
1736163822784 0.98563 106
1736163896223 0.98553 107
1736163957576 0.98443 108
1736164061446 0.98537 109
1736164132216 0.98625 110
1736164199606 0.98448 111
1736164352959 0.98573 112
1736164414250 0.98516 113
1736164475374 0.98488 114
1736164539631 0.98576 115
1736164600792 0.98561 116
1736164662778 0.98574 117
1736164724781 0.9851 118
1736164805270 0.98609 119
1736164867606 0.98542 120
1736164928838 0.9857 121
1736164990079 0.98552 122
1736165051109 0.98529 123
1736165133907 0.98578 124
1736165198535 0.98576 125
1736165259338 0.98568 126
1736165320614 0.98537 127
1736165397398 0.98516 128
1736165460117 0.98585 129
1736165651663 0.98552 130
1736165713179 0.98612 131
1736165778496 0.98566 132
1736165919538 0.98532 133
1736166071970 0.98487 134
1736166134236 0.98579 135
1736166213295 0.98596 136
1736166293305 0.98542 137
1736166358968 0.98563 138
1736166425612 0.98619 139
1736166589735 0.98623 140
1736166651961 0.98559 141
1736166714627 0.98601 142
1736166775352 0.98543 143
1736166895619 0.9861 144
1736167039432 0.98579 145
1736167101019 0.98589 146
1736167162288 0.9858 147
1736167223087 0.98601 148
1736167289004 0.98593 149
1736167572634 0.98571 150
1736167649674 0.98602 151
1736167719469 0.98597 152
1736167862412 0.98578 153
1736167932274 0.98586 154
1736168000378 0.98614 155
1736168078494 0.98561 156
1736168139530 0.98489 157
1736168204614 0.98537 158
1736168265999 0.98578 159
1736168375062 0.98553 160
1736168448916 0.98623 161
1736168460018 0.9855624421680834 161
