1736154385362 0.72574 0
1736154546832 0.81729 1
1736154612510 0.81773 2
1736154679425 0.87304 3
1736154746798 0.89641 4
1736154816786 0.90637 5
1736154882439 0.91272 6
1736154948204 0.8882 7
1736155013747 0.91605 8
1736155079826 0.9216 9
1736155169978 0.92149 10
1736155273788 0.92726 11
1736155338941 0.92289 12
1736155404558 0.92997 13
1736155507525 0.93288 14
1736155595994 0.93321 15
1736155665670 0.93476 16
1736155732090 0.93063 17
1736155798144 0.93241 18
1736155879305 0.93639 19
1736155945328 0.93034 20
1736156027622 0.93924 21
1736156093833 0.9329 22
1736156162757 0.93327 23
1736156229139 0.93462 24
1736156334667 0.93375 25
1736156454154 0.93048 26
1736156525233 0.9349 27
1736156601781 0.93534 28
1736156665035 0.93534 29
1736156728250 0.9364 30
1736156791594 0.9283 31
1736156864139 0.93576 32
1736156930424 0.93372 33
1736156992783 0.93996 34
1736157055779 0.93769 35
1736157118150 0.93476 36
1736157182013 0.93375 37
1736157559965 0.94065 38
1736157626529 0.93888 39
1736157694235 0.93613 40
1736157759958 0.93998 41
1736157828250 0.93768 42
1736157959860 0.94091 43
1736158022040 0.93592 44
1736158103165 0.94133 45
1736158192160 0.93583 46
1736158253187 0.93631 47
1736158439445 0.93936 48
1736158500506 0.93707 49
1736158561906 0.93763 50
1736158632330 0.93968 51
1736158700225 0.94106 52
1736158782183 0.9393 53
1736158843382 0.94219 54
1736158917212 0.94268 55
1736158978288 0.94414 56
1736159041770 0.94214 57
1736159103503 0.94051 58
1736159170034 0.93996 59
1736159231295 0.94071 60
1736159301800 0.94092 61
1736159681273 0.93936 62
1736159754269 0.94153 63
1736159815148 0.9385 64
1736159910106 0.93568 65
1736159971059 0.94145 66
1736160034579 0.93865 67
1736160101930 0.93828 68
1736160229120 0.94132 69
1736160290437 0.94353 70
1736160351615 0.94531 71
1736160412968 0.94232 72
1736160473883 0.94236 73
1736160535157 0.94 74
1736160648681 0.94262 75
1736160749602 0.93724 76
1736161001592 0.94319 77
1736161061014 0.942 78
1736161122598 0.93941 79
1736161359307 0.93998 80
1736161470368 0.94068 81
1736161713158 0.94463 82
1736161775476 0.93692 83
1736161843089 0.93957 84
1736161904012 0.94032 85
1736162004142 0.93918 86
1736162074202 0.93426 87
1736162306147 0.93885 88
1736162368692 0.93831 89
1736162430316 0.9392 90
1736162579937 0.94256 91
1736162640476 0.941 92
1736162719130 0.93843 93
1736162796337 0.94151 94
1736163025169 0.94201 95
1736163095450 0.93794 96
1736163164025 0.93918 97
1736163249709 0.94274 98
1736163311589 0.93949 99
1736163372647 0.94339 100
1736163434286 0.94072 101
1736163501499 0.9423 102
1736163562881 0.94321 103
1736163623784 0.94032 104
1736163761448 0.9404 105
1736163822784 0.94256 106
1736163896223 0.9411 107
1736163957576 0.94186 108
1736164061446 0.94179 109
1736164132216 0.93868 110
1736164199606 0.93934 111
1736164352959 0.94087 112
1736164414250 0.94019 113
1736164475374 0.94032 114
1736164539631 0.9391 115
1736164600792 0.94037 116
1736164662778 0.94365 117
1736164724781 0.94133 118
1736164805270 0.94118 119
1736164867606 0.94096 120
1736164928838 0.94034 121
1736164990079 0.94127 122
1736165051109 0.94255 123
1736165133907 0.94144 124
1736165198535 0.94052 125
1736165259338 0.93843 126
1736165320614 0.93937 127
1736165397398 0.94119 128
1736165460117 0.94219 129
1736165651663 0.94095 130
1736165713179 0.93919 131
1736165778496 0.942 132
1736165919538 0.93895 133
1736166071970 0.94015 134
1736166134236 0.94183 135
1736166213295 0.93872 136
1736166293305 0.94044 137
1736166358968 0.93957 138
1736166425612 0.94184 139
1736166589735 0.94265 140
1736166651961 0.94177 141
1736166714627 0.94456 142
1736166775352 0.94228 143
1736166895619 0.94042 144
1736167039432 0.94257 145
1736167101019 0.94013 146
1736167162288 0.94181 147
1736167223087 0.94024 148
1736167289004 0.94441 149
1736167572634 0.94255 150
1736167649674 0.94364 151
1736167719469 0.94241 152
1736167862412 0.94203 153
1736167932274 0.94475 154
1736168000378 0.94332 155
1736168078494 0.9396 156
1736168139530 0.93999 157
1736168204614 0.94209 158
1736168265999 0.94166 159
1736168375062 0.9414 160
1736168448916 0.94195 161
1736168460018 0.9408305677012185 161
