1736154385362 0.82162 0
1736154546832 0.8471 1
1736154612510 0.87801 2
1736154679425 0.90665 3
1736154746798 0.92296 4
1736154816786 0.93573 5
1736154882439 0.94579 6
1736154948204 0.91501 7
1736155013747 0.95163 8
1736155079826 0.95368 9
1736155169978 0.9555 10
1736155273788 0.95713 11
1736155338941 0.94793 12
1736155404558 0.95281 13
1736155507525 0.94325 14
1736155595994 0.94003 15
1736155665670 0.95151 16
1736155732090 0.94696 17
1736155798144 0.96146 18
1736155879305 0.95459 19
1736155945328 0.95835 20
1736156027622 0.9464 21
1736156093833 0.95715 22
1736156162757 0.95151 23
1736156229139 0.94789 24
1736156334667 0.95817 25
1736156454154 0.96074 26
1736156525233 0.95151 27
1736156601781 0.95769 28
1736156665035 0.96068 29
1736156728250 0.95612 30
1736156791594 0.96771 31
1736156864139 0.96039 32
1736156930424 0.96282 33
1736156992783 0.95718 34
1736157055779 0.95993 35
1736157118150 0.95917 36
1736157182013 0.96552 37
1736157559965 0.9534 38
1736157626529 0.95444 39
1736157694235 0.96362 40
1736157759958 0.96039 41
1736157828250 0.96095 42
1736157959860 0.95548 43
1736158022040 0.96248 44
1736158103165 0.964 45
1736158192160 0.96603 46
1736158253187 0.96263 47
1736158439445 0.961 48
1736158500506 0.95254 49
1736158561906 0.96064 50
1736158632330 0.95853 51
1736158700225 0.96034 52
1736158782183 0.95637 53
1736158843382 0.95581 54
1736158917212 0.95997 55
1736158978288 0.95659 56
1736159041770 0.95688 57
1736159103503 0.96196 58
1736159170034 0.96374 59
1736159231295 0.96325 60
1736159301800 0.96364 61
1736159681273 0.95551 62
1736159754269 0.96215 63
1736159815148 0.96291 64
1736159910106 0.96387 65
1736159971059 0.96064 66
1736160034579 0.96627 67
1736160101930 0.96517 68
1736160229120 0.96082 69
1736160290437 0.9609 70
1736160351615 0.9581 71
1736160412968 0.964 72
1736160473883 0.96222 73
1736160535157 0.96313 74
1736160648681 0.95903 75
1736160749602 0.96532 76
1736161001592 0.96417 77
1736161061014 0.96302 78
1736161122598 0.96574 79
1736161359307 0.9642 80
1736161470368 0.96441 81
1736161713158 0.96125 82
1736161775476 0.96298 83
1736161843089 0.96634 84
1736161904012 0.96227 85
1736162004142 0.96395 86
1736162074202 0.96692 87
1736162306147 0.95973 88
1736162368692 0.96525 89
1736162430316 0.96252 90
1736162579937 0.96297 91
1736162640476 0.96364 92
1736162719130 0.9581 93
1736162796337 0.96435 94
1736163025169 0.96313 95
1736163095450 0.96751 96
1736163164025 0.96814 97
1736163249709 0.96018 98
1736163311589 0.96721 99
1736163372647 0.95886 100
1736163434286 0.96466 101
1736163501499 0.96503 102
1736163562881 0.95846 103
1736163623784 0.96464 104
1736163761448 0.96385 105
1736163822784 0.9637 106
1736163896223 0.96527 107
1736163957576 0.9611 108
1736164061446 0.964 109
1736164132216 0.96786 110
1736164199606 0.96435 111
1736164352959 0.96614 112
1736164414250 0.96565 113
1736164475374 0.96634 114
1736164539631 0.96609 115
1736164600792 0.96481 116
1736164662778 0.96308 117
1736164724781 0.96429 118
1736164805270 0.96664 119
1736164867606 0.96277 120
1736164928838 0.96573 121
1736164990079 0.96402 122
1736165051109 0.96359 123
1736165133907 0.96541 124
1736165198535 0.96191 125
1736165259338 0.96955 126
1736165320614 0.96481 127
1736165397398 0.96344 128
1736165460117 0.96471 129
1736165651663 0.9659 130
1736165713179 0.96583 131
1736165778496 0.96297 132
1736165919538 0.96733 133
1736166071970 0.96568 134
1736166134236 0.9643 135
1736166213295 0.96905 136
1736166293305 0.96671 137
1736166358968 0.96766 138
1736166425612 0.96481 139
1736166589735 0.96453 140
1736166651961 0.96451 141
1736166714627 0.96432 142
1736166775352 0.96568 143
1736166895619 0.96593 144
1736167039432 0.96302 145
1736167101019 0.96617 146
1736167162288 0.96461 147
1736167223087 0.96493 148
1736167289004 0.96329 149
1736167572634 0.96354 150
1736167649674 0.96334 151
1736167719469 0.96369 152
1736167862412 0.96293 153
1736167932274 0.96173 154
1736168000378 0.96388 155
1736168078494 0.96829 156
1736168139530 0.96535 157
1736168204614 0.96124 158
1736168265999 0.96348 159
1736168375062 0.96483 160
1736168448916 0.96517 161
1736168460018 0.9637445337130072 161
