1736130479443 0.003319327731092437 0
1736130908204 0.006639797520570729 1
1736130973235 0.00994737668504902 2
1736131015832 0.0099419921875 3
1736131059629 0.00992265625 4
1736131103381 0.0099033203125 5
1736131148164 0.009883984375 6
1736131192503 0.0098646484375 7
1736131237348 0.0098453125 8
1736131282998 0.0098259765625 9
1736131336957 0.009806640625 10
1736131387934 0.0097873046875 11
1736131434293 0.00976796875 12
1736131481178 0.0097486328125 13
1736131534913 0.009729296875 14
1736131583709 0.0097099609375 15
1736131631466 0.009690625000000001 16
1736131678869 0.009671289062500001 17
1736131725712 0.009651953125 18
1736131776086 0.0096326171875 19
1736131822890 0.00961328125 20
1736131873914 0.0095939453125 21
1736131920555 0.009574609375000001 22
1736131967378 0.009555273437500001 23
1736132014726 0.009535937500000001 24
1736132062467 0.009516601562500001 25
1736132117010 0.009497265625 26
1736132164118 0.0094779296875 27
1736132211473 0.009458593749999999 28
1736132258888 0.0094392578125 29
1736132306448 0.009419921875 30
1736132354150 0.0094005859375 31
1736132403061 0.00938125 32
1736132450042 0.0093619140625 33
1736132497884 0.009342578124999999 34
1736132546938 0.0093232421875 35
1736132597633 0.00930390625 36
1736132645191 0.0092845703125 37
1736132696957 0.009265234375 38
1736132744872 0.0092458984375 39
1736132792521 0.0092265625 40
1736132839402 0.0092072265625 41
1736132886138 0.009187890625 42
1736132950188 0.0091685546875 43
1736132996066 0.00914921875 44
1736133048132 0.0091298828125 45
1736133094186 0.009110546875 46
1736133140283 0.0090912109375 47
1736133226861 0.009071875 48
1736133274831 0.0090525390625 49
1736133319891 0.009033203125 50
1736133364850 0.0090138671875 51
1736133409614 0.00899453125 52
1736133457262 0.0089751953125 53
1736136581255 0.008955859375 54
1736136624050 0.0089365234375 55
1736136666540 0.0089171875 56
1736136709175 0.0088978515625 57
1736136752158 0.008878515625 58
1736136795435 0.0088591796875 59
1736136838349 0.008839843750000001 60
1736136882681 0.008820507812500001 61
1736136968835 0.008801171875 62
1736137018428 0.0087818359375 63
1736137061593 0.0087625 64
1736137105075 0.0087431640625 65
1736137148583 0.008723828125000001 66
1736137192728 0.008704492187500001 67
1736137237323 0.008685156250000001 68
1736137281841 0.008665820312500001 69
1736137326754 0.008646484375 70
1736137370876 0.0086271484375 71
1736137415398 0.008607812500000001 72
1736137459528 0.0085884765625 73
1736137504391 0.008569140625 74
1736137553428 0.0085498046875 75
1736137606803 0.00853046875 76
1736137658084 0.0085111328125 77
1736137702758 0.008491796874999999 78
1736137747523 0.0084724609375 79
1736137792568 0.008453125 80
1736137847701 0.0084337890625 81
1736137893389 0.008414453125 82
1736137938058 0.0083951171875 83
1736137983470 0.00837578125 84
1736138191743 0.0083564453125 85
1736138243943 0.008337109375 86
1736138288358 0.0083177734375 87
1736138331250 0.0082984375 88
1736138374959 0.0082791015625 89
1736138419827 0.008259765625 90
1736138473157 0.0082404296875 91
1736138518077 0.00822109375 92
1736138566768 0.0082017578125 93
1736138616432 0.008182421875 94
1736138665311 0.0081630859375 95
1736138713663 0.00814375 96
1736138760284 0.0081244140625 97
1736138810263 0.008105078125 98
1736138856679 0.0080857421875 99
1736138902816 0.00806640625 100
1736138949311 0.0080470703125 101
1736138995896 0.008027734375 102
1736139042624 0.0080083984375 103
1736139089025 0.007989062500000001 104
1736139135947 0.0079697265625 105
1736139182509 0.007950390625 106
1736139231592 0.0079310546875 107
1736139277893 0.00791171875 108
1736139325265 0.0078923828125 109
1736139373497 0.007873046875000001 110
1736139420584 0.007853710937500001 111
1736139468411 0.007834375000000001 112
1736139514421 0.0078150390625 113
1736139561200 0.007795703125 114
1736139607988 0.0077763671875 115
1736139654581 0.007757031250000001 116
1736139701819 0.007737695312500001 117
1736139748314 0.007718359375 118
1736139799139 0.0076990234375 119
1736139845609 0.0076796875 120
1736139891977 0.0076603515625 121
1736139938639 0.007641015625000001 122
1736139985511 0.007621679687500001 123
1736140032008 0.007602343750000001 124
1736140078646 0.0075830078125000006 125
1736140124839 0.007563671875 126
1736140171140 0.0075443359375 127
1736140233709 0.007525 128
1736140281210 0.0075056640625 129
1736140329158 0.007486328125 130
1736140375514 0.0074669921875 131
1736140422438 0.00744765625 132
1736140468493 0.0074283203125 133
1736140547499 0.007408984374999999 134
1736140593377 0.0073896484375 135
1736140640883 0.0073703125 136
1736140688889 0.0073509765625 137
1736140735153 0.007331640625 138
1736140781366 0.0073123046875 139
1736140827818 0.00729296875 140
1736140874127 0.007273632812500001 141
1736140920221 0.007254296875000001 142
1736140966592 0.0072349609375 143
1736141015516 0.007215625 144
1736141064472 0.0071962890625 145
