1736070348425 0.003319327731092437 0
1736070412881 0.006639797520570729 1
1736070460060 0.00994737668504902 2
1736070505341 0.0099419921875 3
1736070551460 0.00992265625 4
1736070596937 0.0099033203125 5
1736070643102 0.009883984375 6
1736070688487 0.0098646484375 7
1736070734152 0.0098453125 8
1736070779987 0.0098259765625 9
1736070835028 0.009806640625 10
1736070887311 0.0097873046875 11
1736070932663 0.00976796875 12
1736070978550 0.0097486328125 13
1736071033130 0.009729296875 14
1736071080827 0.0097099609375 15
1736071127354 0.009690625000000001 16
1736071173489 0.009671289062500001 17
1736071219792 0.009651953125 18
1736071270708 0.0096326171875 19
1736071316823 0.00961328125 20
1736071367417 0.0095939453125 21
1736071413233 0.009574609375000001 22
1736071459488 0.009555273437500001 23
1736071506432 0.009535937500000001 24
1736071553171 0.009516601562500001 25
1736071751665 0.009497265625 26
1736071799076 0.0094779296875 27
1736071845092 0.009458593749999999 28
1736071890567 0.0094392578125 29
1736071936406 0.009419921875 30
1736071982436 0.0094005859375 31
1736072030947 0.00938125 32
1736072077512 0.0093619140625 33
1736072123870 0.009342578124999999 34
1736072170084 0.0093232421875 35
1736072216605 0.00930390625 36
1736072263300 0.0092845703125 37
1736072318297 0.009265234375 38
1736072364754 0.0092458984375 39
1736072411889 0.0092265625 40
1736072457952 0.0092072265625 41
1736072555327 0.009187890625 42
1736072623423 0.0091685546875 43
1736072669020 0.00914921875 44
1736072722802 0.0091298828125 45
1736072784982 0.009110546875 46
1736072832672 0.0090912109375 47
1736072889631 0.009071875 48
1736072936338 0.0090525390625 49
1736072982900 0.009033203125 50
1736073029287 0.0090138671875 51
1736073076599 0.00899453125 52
1736073127938 0.0089751953125 53
1736073174811 0.008955859375 54
1736073242202 0.0089365234375 55
1736073291891 0.0089171875 56
1736073338910 0.0088978515625 57
1736073385758 0.008878515625 58
1736073432961 0.0088591796875 59
1736073479748 0.008839843750000001 60
1736073529412 0.008820507812500001 61
1736073585351 0.008801171875 62
1736073635480 0.0087818359375 63
1736073681903 0.0087625 64
1736073728687 0.0087431640625 65
1736073775668 0.008723828125000001 66
1736073822578 0.008704492187500001 67
1736073869585 0.008685156250000001 68
1736073917802 0.008665820312500001 69
1736073964467 0.008646484375 70
1736074011347 0.0086271484375 71
1736074058758 0.008607812500000001 72
1736074105053 0.0085884765625 73
1736074151528 0.008569140625 74
1736074208578 0.0085498046875 75
1736074268888 0.00853046875 76
1736074613948 0.0085111328125 77
1736074671489 0.008491796874999999 78
1736074716516 0.0084724609375 79
1736074761483 0.008453125 80
1736074822946 0.0084337890625 81
1736074871360 0.008414453125 82
1736074917336 0.0083951171875 83
1736074965036 0.00837578125 84
1736075011200 0.0083564453125 85
1736075067767 0.008337109375 86
1736075194582 0.0083177734375 87
1736075243289 0.0082984375 88
1736075289065 0.0082791015625 89
1736075336738 0.008259765625 90
1736075398719 0.0082404296875 91
1736075443740 0.00822109375 92
1736075560178 0.0082017578125 93
1736075614497 0.008182421875 94
1736075665575 0.0081630859375 95
1736075714765 0.00814375 96
1736075762381 0.0081244140625 97
1736075813225 0.008105078125 98
1736075860155 0.0080857421875 99
1736075906674 0.00806640625 100
1736075953423 0.0080470703125 101
1736075999885 0.008027734375 102
1736076046608 0.0080083984375 103
1736076093000 0.007989062500000001 104
1736076141112 0.0079697265625 105
1736076188751 0.007950390625 106
1736076239065 0.0079310546875 107
1736076285589 0.00791171875 108
1736076333758 0.0078923828125 109
1736076383237 0.007873046875000001 110
1736076430900 0.007853710937500001 111
1736076494255 0.007834375000000001 112
1736076544575 0.0078150390625 113
1736076591915 0.007795703125 114
1736076639686 0.0077763671875 115
1736076687236 0.007757031250000001 116
1736076734738 0.007737695312500001 117
1736076781862 0.007718359375 118
1736076833839 0.0076990234375 119
1736076880934 0.0076796875 120
1736076927728 0.0076603515625 121
1736076974380 0.007641015625000001 122
1736077020966 0.007621679687500001 123
1736077067760 0.007602343750000001 124
1736077114604 0.0075830078125000006 125
1736077160636 0.007563671875 126
1736077207700 0.0075443359375 127
1736077258287 0.007525 128
1736077304671 0.0075056640625 129
1736077354357 0.007486328125 130
1736077400971 0.0074669921875 131
1736077448121 0.00744765625 132
1736077494597 0.0074283203125 133
1736077576163 0.007408984374999999 134
1736077621966 0.0073896484375 135
1736077671066 0.0073703125 136
1736077720417 0.0073509765625 137
1736077766918 0.007331640625 138
1736077813937 0.0073123046875 139
1736077861100 0.00729296875 140
1736077907926 0.007273632812500001 141
1736077954422 0.007254296875000001 142
1736078001112 0.0072349609375 143
1736078051198 0.007215625 144
1736078105682 0.0071962890625 145
1736078153332 0.007176953125 146
1736078200197 0.007157617187500001 147
