1736490103147 0.07003174603174603 0
1736490197475 0.04001886222718255 1
1736490291740 0.009993087797619038 2
1736490384520 0.0099419921875 3
1736490477221 0.00992265625 4
1736490568556 0.0099033203125 5
1736490658866 0.009883984375 6
1736490749610 0.0098646484375 7
1736490839303 0.0098453125 8
1736490930459 0.0098259765625 9
1736491021235 0.009806640625 10
1736491110762 0.0097873046875 11
1736491201382 0.00976796875 12
1736491290778 0.0097486328125 13
1736491380714 0.009729296875 14
1736491470145 0.0097099609375 15
1736491560501 0.009690625000000001 16
1736491649766 0.009671289062500001 17
1736491740005 0.009651953125 18
1736491829889 0.0096326171875 19
1736491920015 0.00961328125 20
1736492009817 0.0095939453125 21
1736492100799 0.009574609375000001 22
1736492189974 0.009555273437500001 23
1736492279117 0.009535937500000001 24
1736492368294 0.009516601562500001 25
1736492455358 0.009497265625 26
1736492545098 0.0094779296875 27
1736492635817 0.009458593749999999 28
1736492725929 0.0094392578125 29
1736492815821 0.009419921875 30
1736492903462 0.0094005859375 31
1736492992954 0.00938125 32
1736493082741 0.0093619140625 33
1736493172749 0.009342578124999999 34
1736493262827 0.0093232421875 35
1736493353734 0.00930390625 36
1736493443729 0.0092845703125 37
1736493533391 0.009265234375 38
1736493622676 0.0092458984375 39
1736493712007 0.0092265625 40
1736493801335 0.0092072265625 41
1736493890450 0.009187890625 42
1736493979648 0.0091685546875 43
1736494069112 0.00914921875 44
1736494158103 0.0091298828125 45
1736494247406 0.009110546875 46
1736494336766 0.0090912109375 47
1736494425924 0.009071875 48
1736494515739 0.0090525390625 49
1736494605127 0.009033203125 50
1736494694990 0.0090138671875 51
1736494783725 0.00899453125 52
1736494872543 0.0089751953125 53
1736494961375 0.008955859375 54
1736495051050 0.0089365234375 55
1736495141692 0.0089171875 56
1736495231112 0.0088978515625 57
1736495321062 0.008878515625 58
1736495411644 0.0088591796875 59
1736495501423 0.008839843750000001 60
1736495593429 0.008820507812500001 61
1736495684855 0.008801171875 62
1736495777211 0.0087818359375 63
1736495868218 0.0087625 64
1736495960609 0.0087431640625 65
1736496051584 0.008723828125000001 66
1736496142514 0.008704492187500001 67
1736496234166 0.008685156250000001 68
1736496325763 0.008665820312500001 69
1736496416510 0.008646484375 70
1736496505713 0.0086271484375 71
1736496596430 0.008607812500000001 72
1736496686696 0.0085884765625 73
1736496777456 0.008569140625 74
1736496867284 0.0085498046875 75
1736496958753 0.00853046875 76
1736497048544 0.0085111328125 77
1736497139170 0.008491796874999999 78
1736497229491 0.0084724609375 79
1736497320168 0.008453125 80
1736497410687 0.0084337890625 81
1736497502116 0.008414453125 82
1736497592926 0.0083951171875 83
1736497682934 0.00837578125 84
1736497772842 0.0083564453125 85
1736497863502 0.008337109375 86
1736497954017 0.0083177734375 87
1736498044185 0.0082984375 88
1736498134372 0.0082791015625 89
1736498224279 0.008259765625 90
1736498314118 0.0082404296875 91
1736498404844 0.00822109375 92
1736498494888 0.0082017578125 93
1736498585746 0.008182421875 94
1736498676012 0.0081630859375 95
1736498781915 0.00814375 96
1736498872543 0.0081244140625 97
1736498963675 0.008105078125 98
1736499054172 0.0080857421875 99
1736499144497 0.00806640625 100
1736499234774 0.0080470703125 101
1736499325719 0.008027734375 102
1736499416111 0.0080083984375 103
1736499506800 0.007989062500000001 104
1736499596963 0.0079697265625 105
1736499688603 0.007950390625 106
1736499778992 0.0079310546875 107
1736499868820 0.00791171875 108
1736499958679 0.0078923828125 109
1736500048814 0.007873046875000001 110
1736500137082 0.007853710937500001 111
1736500227030 0.007834375000000001 112
1736500317419 0.0078150390625 113
1736500406734 0.007795703125 114
1736500498033 0.0077763671875 115
1736500587574 0.007757031250000001 116
1736500678687 0.007737695312500001 117
1736500768492 0.007718359375 118
1736500858589 0.0076990234375 119
1736500948212 0.0076796875 120
1736501037713 0.0076603515625 121
1736501127826 0.007641015625000001 122
1736501218564 0.007621679687500001 123
1736501308247 0.007602343750000001 124
1736501398979 0.0075830078125000006 125
1736501488006 0.007563671875 126
1736501577401 0.0075443359375 127
1736501667726 0.007525 128
1736501758951 0.0075056640625 129
1736501848264 0.007486328125 130
1736501938112 0.0074669921875 131
1736502027991 0.00744765625 132
1736502117402 0.0074283203125 133
1736502207096 0.007408984374999999 134
1736502298392 0.0073896484375 135
1736502388385 0.0073703125 136
1736502479567 0.0073509765625 137
1736502570268 0.007331640625 138
1736502661272 0.0073123046875 139
1736502750465 0.00729296875 140
1736502838445 0.007273632812500001 141
1736502929281 0.007254296875000001 142
1736503020205 0.0072349609375 143
1736503109598 0.007215625 144
1736503197163 0.0071962890625 145
1736503286633 0.007176953125 146
1736503890990 0.007157617187500001 147
1736503970942 0.0071382812500000005 148
1736504056949 0.0071189453125000005 149
1736504148408 0.0070996093750000005 150
1736504239309 0.0070802734374999995 151
1736504328940 0.0070609374999999995 152
1736504417312 0.0070416015625 153
1736504506639 0.007022265625 154
1736504597157 0.0070029296875 155
1736504686133 0.00698359375 156
1736504776290 0.0069642578125 157
1736504866769 0.006944921875 158
1736504957122 0.006925585937499999 159
1736505046533 0.006906250000000001 160
1736505136474 0.0068869140625 161
1736505225786 0.006867578125 162
1736505315779 0.0068482421875 163
1736505406039 0.00682890625 164
1736505495556 0.0068095703125 165
1736505584879 0.006790234375000001 166
1736505674286 0.006770898437500001 167
1736505763387 0.006751562500000001 168
1736505851533 0.0067322265625 169
1736505942000 0.006712890625 170
1736506032088 0.0066935546875 171
1736506121203 0.0066742187500000005 172
1736506211748 0.0066548828125 173
1736506301435 0.006635546875 174
1736506390860 0.0066162109375 175
1736506480724 0.006596875 176
1736506571240 0.006577539062499999 177
1736506661000 0.006558203125000001 178
1736506750122 0.0065388671875 179
1736506840504 0.00651953125 180
1736506928991 0.0065001953125 181
1736507076481 0.006480859375 182
1736507158743 0.0064615234375 183
1736507247718 0.0064421875 184
1736507336982 0.006422851562500001 185
1736507426504 0.006403515625000001 186
1736507516629 0.0063841796875 187
1736507606434 0.00636484375 188
1736507697790 0.0063455078125 189
1736507787057 0.006326171875 190
1736507876395 0.006306835937500001 191
1736507965324 0.0062875000000000006 192
1736508055252 0.0062681640625000005 193
1736508144636 0.0062488281250000005 194
1736508234509 0.0062294921875 195
1736508325558 0.0062101562499999995 196
1736508415003 0.0061908203125 197
1736508504248 0.006171484375 198
1736508594348 0.0061521484375 199
1736508683947 0.0061328125 200
1736508774204 0.0061134765625 201
1736508864165 0.006094140625 202
1736508954084 0.006074804687500001 203
1736509044001 0.006055468750000001 204
1736509133790 0.0060361328125 205
1736509223585 0.006016796875 206
1736509313983 0.0059974609375 207
1736509401643 0.005978125 208
1736509490627 0.0059587890625 209
1736509581349 0.005939453125000001 210
1736509671268 0.005920117187500001 211
1736509760125 0.005900781250000001 212
1736509849603 0.0058814453125 213
1736509939310 0.005862109375 214
1736510028782 0.0058427734375 215
1736510119263 0.0058234375000000005 216
1736510208628 0.0058041015625000004 217
1736510298753 0.005784765625 218
1736510388028 0.0057654296875 219
1736510480093 0.0057460937499999995 220
1736510569506 0.005726757812499999 221
1736510659629 0.005707421875 222
1736510748104 0.0056880859375 223
1736510838839 0.00566875 224
1736510926981 0.0056494140625 225
1736511017242 0.005630078125 226
1736511106216 0.0056107421875 227
1736511198997 0.005591406250000001 228
1736511288436 0.005572070312500001 229
1736511378709 0.005552734375 230
1736511466937 0.0055333984375 231
1736511557109 0.0055140625 232
1736511647504 0.0054947265625 233
1736511736932 0.005475390625 234
1736511827381 0.005456054687500001 235
1736511917822 0.005436718750000001 236
1736512006083 0.0054173828125000005 237
1736512096322 0.005398046875 238
1736512184704 0.0053787109375 239
1736512275695 0.0053593749999999996 240
1736512365706 0.0053400390625 241
1736512456720 0.005320703125 242
1736512546126 0.0053013671875 243
1736512637030 0.00528203125 244
1736512725323 0.0052626953125 245
1736512815440 0.005243359374999999 246
1736512905049 0.005224023437500001 247
1736512995709 0.0052046875 248
1736513084548 0.0051853515625 249
1736513175313 0.005166015625 250
1736513265535 0.0051466796875 251
1736513356106 0.00512734375 252
1736513446033 0.005108007812500001 253
1736513536457 0.005088671874999999 254
1736513626364 0.005069335937500001 255
1736513717348 0.00505 256
1736513807610 0.0050306640625 257
1736513897630 0.005011328125 258
1736513987842 0.0049919921875000006 259
1736514078726 0.00497265625 260
1736514168879 0.0049533203125000005 261
1736514258229 0.0049339843750000004 262
1736514348474 0.0049146484375 263
1736514438953 0.0048953125 264
1736514526916 0.0048759765625 265
1736514617712 0.004856640625 266
1736514707413 0.0048373046875 267
1736514797678 0.00481796875 268
1736514887617 0.0047986328125 269
1736514978450 0.004779296875 270
1736515067908 0.0047599609375 271
1736515158571 0.004740625 272
1736515248232 0.0047212890625 273
1736515338180 0.004701953125 274
1736515427995 0.0046826171875 275
1736515517069 0.00466328125 276
1736515606317 0.004643945312500001 277
1736515696908 0.004624609375 278
1736515786474 0.0046052734375 279
