1736317227947 0.97655 0
1736317304453 0.97118 1
1736317383705 0.97525 2
1736317459611 0.98124 3
1736317533649 0.97812 4
1736317607908 0.98194 5
1736317682394 0.98129 6
1736317756864 0.98454 7
1736317830853 0.98495 8
1736317904807 0.9823 9
1736317979761 0.98477 10
1736318054334 0.98264 11
1736318128423 0.97746 12
1736318202165 0.98424 13
1736318276358 0.98414 14
1736318350549 0.98485 15
1736318424457 0.98432 16
1736318498506 0.98156 17
1736318573352 0.98525 18
1736318646951 0.98479 19
1736318720886 0.98566 20
1736318794042 0.98573 21
1736318868977 0.98302 22
1736318942797 0.98465 23
1736319016338 0.98478 24
1736319089347 0.98385 25
1736319162706 0.98437 26
1736319235628 0.98586 27
1736319309536 0.98526 28
1736319383012 0.98412 29
1736319456622 0.98454 30
1736319529777 0.98538 31
1736319602552 0.98447 32
1736319676147 0.98493 33
1736319749498 0.98525 34
1736319822249 0.98694 35
1736319895709 0.98564 36
1736319969522 0.98599 37
1736320043798 0.98623 38
1736320117298 0.98544 39
1736320190523 0.98623 40
1736320263652 0.98677 41
1736320337032 0.98512 42
1736320410352 0.98672 43
1736320483344 0.98641 44
1736320556783 0.98618 45
1736320631434 0.9862 46
1736320704526 0.98605 47
1736320777567 0.98457 48
1736320850891 0.98646 49
1736320923976 0.98648 50
1736320997415 0.98613 51
1736321070843 0.98471 52
1736321144437 0.9858 53
1736321217427 0.98638 54
1736321291000 0.98631 55
1736321364199 0.98621 56
1736321437048 0.98645 57
1736321510358 0.98551 58
1736321583612 0.98607 59
1736321657204 0.9866 60
1736321730283 0.98587 61
1736321802892 0.98567 62
1736321876264 0.98569 63
1736321950060 0.98634 64
1736322023274 0.98569 65
1736322096274 0.986 66
1736322169248 0.98636 67
1736322242589 0.98585 68
1736322316184 0.98575 69
1736322388903 0.98611 70
1736322462757 0.98645 71
1736322535739 0.98667 72
1736322608806 0.98644 73
1736322682109 0.98635 74
1736322755496 0.98611 75
1736322828223 0.98602 76
1736322901495 0.98679 77
1736322974677 0.98459 78
1736323047740 0.98683 79
1736323120835 0.98604 80
1736323193897 0.98563 81
1736323267831 0.98626 82
1736323341437 0.986 83
1736323414879 0.98626 84
1736323487856 0.9857 85
1736323560831 0.98591 86
1736323634910 0.98622 87
1736323708236 0.98623 88
1736323781132 0.98669 89
1736323853276 0.98564 90
1736323925801 0.98628 91
1736323998553 0.98568 92
1736324071766 0.98623 93
1736324145199 0.98642 94
1736324218764 0.9864 95
1736324292756 0.98636 96
1736324366306 0.98658 97
1736324439901 0.98573 98
1736324514102 0.98615 99
1736324588398 0.98625 100
1736324662244 0.98631 101
1736324736284 0.98599 102
1736324810543 0.98661 103
1736324884213 0.98632 104
1736324958203 0.98611 105
1736325032281 0.98653 106
1736325107741 0.98592 107
1736325183931 0.98586 108
1736325259656 0.98593 109
1736325334363 0.98644 110
1736325408927 0.98592 111
1736325482698 0.98621 112
1736325556212 0.98596 113
1736325631223 0.98611 114
1736325705307 0.98635 115
1736325779629 0.9859 116
1736325853973 0.98638 117
1736325957480 0.98588 118
1736326029521 0.98608 119
1736326100371 0.98623 120
1736326171636 0.98618 121
1736326241926 0.98633 122
1736326313320 0.98637 123
1736326384566 0.9863 124
1736326455944 0.98646 125
1736326527423 0.98628 126
1736326598548 0.98619 127
1736326609736 0.9864560533457015 127
