1736317227947 0.60317 0
1736317304453 0.60714 1
1736317383705 0.63862 2
1736317459611 0.65279 3
1736317533649 0.62566 4
1736317607908 0.63977 5
1736317682394 0.6531 6
1736317756864 0.71034 7
1736317830853 0.683 8
1736317904807 0.68808 9
1736317979761 0.69929 10
1736318054334 0.64903 11
1736318128423 0.6424 12
1736318202165 0.65496 13
1736318276358 0.68769 14
1736318350549 0.66487 15
1736318424457 0.67469 16
1736318498506 0.62503 17
1736318573352 0.66611 18
1736318646951 0.64379 19
1736318720886 0.66223 20
1736318794042 0.71431 21
1736318868977 0.66752 22
1736318942797 0.69767 23
1736319016338 0.65444 24
1736319089347 0.63208 25
1736319162706 0.68183 26
1736319235628 0.71547 27
1736319309536 0.66549 28
1736319383012 0.62177 29
1736319456622 0.65053 30
1736319529777 0.67868 31
1736319602552 0.65119 32
1736319676147 0.69414 33
1736319749498 0.71296 34
1736319822249 0.70238 35
1736319895709 0.72038 36
1736319969522 0.68755 37
1736320043798 0.70412 38
1736320117298 0.6456 39
1736320190523 0.69366 40
1736320263652 0.71186 41
1736320337032 0.67936 42
1736320410352 0.69794 43
1736320483344 0.67567 44
1736320556783 0.70311 45
1736320631434 0.71317 46
1736320704526 0.69902 47
1736320777567 0.64644 48
1736320850891 0.68526 49
1736320923976 0.72166 50
1736320997415 0.69185 51
1736321070843 0.68393 52
1736321144437 0.69487 53
1736321217427 0.68525 54
1736321291000 0.69603 55
1736321364199 0.71105 56
1736321437048 0.69852 57
1736321510358 0.70342 58
1736321583612 0.69896 59
1736321657204 0.71698 60
1736321730283 0.68303 61
1736321802892 0.68658 62
1736321876264 0.68461 63
1736321950060 0.69176 64
1736322023274 0.69663 65
1736322096274 0.71577 66
1736322169248 0.69643 67
1736322242589 0.68782 68
1736322316184 0.68045 69
1736322388903 0.69285 70
1736322462757 0.67692 71
1736322535739 0.71152 72
1736322608806 0.71044 73
1736322682109 0.7133 74
1736322755496 0.681 75
1736322828223 0.70035 76
1736322901495 0.7198 77
1736322974677 0.6671 78
1736323047740 0.70191 79
1736323120835 0.67952 80
1736323193897 0.68191 81
1736323267831 0.68805 82
1736323341437 0.70862 83
1736323414879 0.68226 84
1736323487856 0.6804 85
1736323560831 0.66339 86
1736323634910 0.68627 87
1736323708236 0.68802 88
1736323781132 0.69701 89
1736323853276 0.69158 90
1736323925801 0.69209 91
1736323998553 0.68642 92
1736324071766 0.70073 93
1736324145199 0.69125 94
1736324218764 0.6884 95
1736324292756 0.69479 96
1736324366306 0.69334 97
1736324439901 0.67959 98
1736324514102 0.6929 99
1736324588398 0.69927 100
1736324662244 0.69125 101
1736324736284 0.68258 102
1736324810543 0.71407 103
1736324884213 0.69769 104
1736324958203 0.68765 105
1736325032281 0.69452 106
1736325107741 0.68742 107
1736325183931 0.68021 108
1736325259656 0.67131 109
1736325334363 0.69404 110
1736325408927 0.67409 111
1736325482698 0.68018 112
1736325556212 0.68688 113
1736325631223 0.68834 114
1736325705307 0.69178 115
1736325779629 0.66989 116
1736325853973 0.70088 117
1736325957480 0.68976 118
1736326029521 0.68024 119
1736326100371 0.67916 120
1736326171636 0.68086 121
1736326241926 0.6859 122
1736326313320 0.68405 123
1736326384566 0.68041 124
1736326455944 0.69048 125
1736326527423 0.68145 126
1736326598548 0.68058 127
1736326609736 0.7214022561334272 127
