1736317227947 0.92461 0
1736317304453 0.90952 1
1736317383705 0.92125 2
1736317459611 0.9337 3
1736317533649 0.92272 4
1736317607908 0.93284 5
1736317682394 0.93132 6
1736317756864 0.93614 7
1736317830853 0.93591 8
1736317904807 0.93089 9
1736317979761 0.93244 10
1736318054334 0.9308 11
1736318128423 0.91908 12
1736318202165 0.9357 13
1736318276358 0.93516 14
1736318350549 0.93637 15
1736318424457 0.93866 16
1736318498506 0.93106 17
1736318573352 0.93515 18
1736318646951 0.93653 19
1736318720886 0.94078 20
1736318794042 0.93813 21
1736318868977 0.92633 22
1736318942797 0.93607 23
1736319016338 0.93744 24
1736319089347 0.93189 25
1736319162706 0.93163 26
1736319235628 0.93914 27
1736319309536 0.93691 28
1736319383012 0.93382 29
1736319456622 0.93787 30
1736319529777 0.94064 31
1736319602552 0.93969 32
1736319676147 0.9332 33
1736319749498 0.94189 34
1736319822249 0.94626 35
1736319895709 0.94089 36
1736319969522 0.94313 37
1736320043798 0.93926 38
1736320117298 0.93871 39
1736320190523 0.94271 40
1736320263652 0.94296 41
1736320337032 0.93797 42
1736320410352 0.9419 43
1736320483344 0.94258 44
1736320556783 0.94278 45
1736320631434 0.93914 46
1736320704526 0.94422 47
1736320777567 0.93991 48
1736320850891 0.94349 49
1736320923976 0.94126 50
1736320997415 0.93863 51
1736321070843 0.93689 52
1736321144437 0.94181 53
1736321217427 0.94063 54
1736321291000 0.94228 55
1736321364199 0.94227 56
1736321437048 0.94497 57
1736321510358 0.9437 58
1736321583612 0.94374 59
1736321657204 0.94192 60
1736321730283 0.94055 61
1736321802892 0.94277 62
1736321876264 0.94035 63
1736321950060 0.94217 64
1736322023274 0.93947 65
1736322096274 0.93996 66
1736322169248 0.94221 67
1736322242589 0.94283 68
1736322316184 0.93708 69
1736322388903 0.94379 70
1736322462757 0.94238 71
1736322535739 0.94222 72
1736322608806 0.93927 73
1736322682109 0.94073 74
1736322755496 0.94051 75
1736322828223 0.94053 76
1736322901495 0.94202 77
1736322974677 0.9389 78
1736323047740 0.94276 79
1736323120835 0.94026 80
1736323193897 0.93736 81
1736323267831 0.94277 82
1736323341437 0.93771 83
1736323414879 0.94138 84
1736323487856 0.9429 85
1736323560831 0.94081 86
1736323634910 0.94244 87
1736323708236 0.9427 88
1736323781132 0.94421 89
1736323853276 0.93869 90
1736323925801 0.94148 91
1736323998553 0.93923 92
1736324071766 0.94096 93
1736324145199 0.94317 94
1736324218764 0.94009 95
1736324292756 0.94219 96
1736324366306 0.94508 97
1736324439901 0.94083 98
1736324514102 0.93793 99
1736324588398 0.93777 100
1736324662244 0.93832 101
1736324736284 0.9401 102
1736324810543 0.94609 103
1736324884213 0.94188 104
1736324958203 0.94363 105
1736325032281 0.94139 106
1736325107741 0.94264 107
1736325183931 0.94245 108
1736325259656 0.94051 109
1736325334363 0.94554 110
1736325408927 0.94163 111
1736325482698 0.94632 112
1736325556212 0.94135 113
1736325631223 0.94079 114
1736325705307 0.94421 115
1736325779629 0.94391 116
1736325853973 0.94096 117
1736325957480 0.93944 118
1736326029521 0.93754 119
1736326100371 0.94086 120
1736326171636 0.94146 121
1736326241926 0.94025 122
1736326313320 0.94229 123
1736326384566 0.94281 124
1736326455944 0.9441 125
1736326527423 0.94367 126
1736326598548 0.94209 127
1736326609736 0.9413328317124574 127
