1736317227947 0.94722 0
1736317304453 0.94872 1
1736317383705 0.93509 2
1736317459611 0.96386 3
1736317533649 0.96202 4
1736317607908 0.95707 5
1736317682394 0.96458 6
1736317756864 0.96232 7
1736317830853 0.96435 8
1736317904807 0.9638 9
1736317979761 0.96632 10
1736318054334 0.96603 11
1736318128423 0.95991 12
1736318202165 0.96497 13
1736318276358 0.96361 14
1736318350549 0.96563 15
1736318424457 0.96254 16
1736318498506 0.96205 17
1736318573352 0.96573 18
1736318646951 0.96415 19
1736318720886 0.96213 20
1736318794042 0.96614 21
1736318868977 0.96893 22
1736318942797 0.96568 23
1736319016338 0.96547 24
1736319089347 0.96768 25
1736319162706 0.96873 26
1736319235628 0.96597 27
1736319309536 0.9651 28
1736319383012 0.96283 29
1736319456622 0.96364 30
1736319529777 0.96379 31
1736319602552 0.96496 32
1736319676147 0.96873 33
1736319749498 0.96435 34
1736319822249 0.96155 35
1736319895709 0.96415 36
1736319969522 0.96222 37
1736320043798 0.96797 38
1736320117298 0.96542 39
1736320190523 0.96648 40
1736320263652 0.9642 41
1736320337032 0.9665 42
1736320410352 0.96865 43
1736320483344 0.96577 44
1736320556783 0.96486 45
1736320631434 0.96852 46
1736320704526 0.96326 47
1736320777567 0.96415 48
1736320850891 0.96616 49
1736320923976 0.9669 50
1736320997415 0.96911 51
1736321070843 0.96568 52
1736321144437 0.96486 53
1736321217427 0.96527 54
1736321291000 0.96384 55
1736321364199 0.96601 56
1736321437048 0.96156 57
1736321510358 0.96321 58
1736321583612 0.96558 59
1736321657204 0.9674 60
1736321730283 0.96776 61
1736321802892 0.96238 62
1736321876264 0.96681 63
1736321950060 0.96674 64
1736322023274 0.96603 65
1736322096274 0.96619 66
1736322169248 0.96598 67
1736322242589 0.96191 68
1736322316184 0.97061 69
1736322388903 0.96225 70
1736322462757 0.96603 71
1736322535739 0.96681 72
1736322608806 0.96837 73
1736322682109 0.96766 74
1736322755496 0.96869 75
1736322828223 0.96661 76
1736322901495 0.96737 77
1736322974677 0.96563 78
1736323047740 0.96807 79
1736323120835 0.96776 80
1736323193897 0.96832 81
1736323267831 0.96576 82
1736323341437 0.96907 83
1736323414879 0.96659 84
1736323487856 0.96527 85
1736323560831 0.9659 86
1736323634910 0.96619 87
1736323708236 0.96707 88
1736323781132 0.9639 89
1736323853276 0.96932 90
1736323925801 0.96552 91
1736323998553 0.96828 92
1736324071766 0.96758 93
1736324145199 0.96481 94
1736324218764 0.96771 95
1736324292756 0.96517 96
1736324366306 0.96217 97
1736324439901 0.96461 98
1736324514102 0.96766 99
1736324588398 0.96969 100
1736324662244 0.97076 101
1736324736284 0.9664 102
1736324810543 0.9637 103
1736324884213 0.96573 104
1736324958203 0.96353 105
1736325032281 0.96817 106
1736325107741 0.96275 107
1736325183931 0.964 108
1736325259656 0.96625 109
1736325334363 0.96085 110
1736325408927 0.96425 111
1736325482698 0.96093 112
1736325556212 0.96517 113
1736325631223 0.96631 114
1736325705307 0.96496 115
1736325779629 0.96188 116
1736325853973 0.967 117
1736325957480 0.96549 118
1736326029521 0.96781 119
1736326100371 0.96542 120
1736326171636 0.96461 121
1736326241926 0.96663 122
1736326313320 0.96559 123
1736326384566 0.96425 124
1736326455944 0.96293 125
1736326527423 0.96339 126
1736326598548 0.96441 127
1736326609736 0.9668306183738911 127
