1736476871862 2.98255 0
1736477269896 2.92637 1
1736477785405 2.78895 2
1736478158740 2.70386 3
1736478290316 2.63824 4
1736478438220 2.57568 5
1736478568510 2.53301 6
1736478707799 2.54722 7
1736478847679 2.51522 8
1736478982701 2.47593 9
1736479116004 2.48373 10
1736479249979 2.45027 11
1736479382359 2.44166 12
1736479512381 2.42842 13
1736479642426 2.43018 14
1736479774009 2.39946 15
1736479907084 2.38326 16
1736480038257 2.36925 17
1736480169739 2.33464 18
1736480300994 2.31697 19
1736480432141 2.34608 20
1736480563460 2.33397 21
1736480695388 2.31224 22
1736480825786 2.31543 23
1736480957509 2.31503 24
1736481089361 2.28068 25
1736481221200 2.30447 26
1736481354052 2.26006 27
1736481485299 2.27728 28
