1736476871862 2.32711 0
1736477269896 2.02164 1
1736477785405 1.81064 2
1736478158740 1.71666 3
1736478290316 1.61521 4
1736478438220 1.54995 5
1736478568510 1.47881 6
1736478707799 1.48223 7
1736478847679 1.43301 8
1736478982701 1.39868 9
1736479116004 1.40319 10
1736479249979 1.35004 11
1736479382359 1.33027 12
1736479512381 1.34671 13
1736479642426 1.3101 14
1736479774009 1.33198 15
1736479907084 1.27441 16
1736480038257 1.26505 17
1736480169739 1.24728 18
1736480300994 1.24652 19
1736480432141 1.23177 20
1736480563460 1.2276 21
1736480695388 1.22804 22
1736480825786 1.2334 23
1736480957509 1.21337 24
1736481089361 1.18152 25
1736481221200 1.20138 26
1736481354052 1.18593 27
1736481485299 1.17223 28
