1736476871862 2.99941 0
1736477269896 2.99023 1
1736477785405 2.92047 2
1736478158740 2.9025 3
1736478290316 2.85511 4
1736478438220 2.83714 5
1736478568510 2.78055 6
1736478707799 2.803 7
1736478847679 2.78752 8
1736478982701 2.7768 9
1736479116004 2.76488 10
1736479249979 2.75467 11
1736479382359 2.75325 12
1736479512381 2.75263 13
1736479642426 2.74817 14
1736479774009 2.74581 15
1736479907084 2.72853 16
1736480038257 2.717 17
1736480169739 2.69157 18
1736480300994 2.68531 19
1736480432141 2.70355 20
1736480563460 2.70044 21
1736480695388 2.68268 22
1736480825786 2.70233 23
1736480957509 2.70896 24
1736481089361 2.67432 25
1736481221200 2.67644 26
1736481354052 2.66968 27
1736481485299 2.68676 28
