1736476871862 0.003329805996472663 0
1736477269896 0.006650255525242505 1
1736477785405 0.009957814429012345 2
1736478158740 0.0099419921875 3
1736478290316 0.00992265625 4
1736478438220 0.0099033203125 5
1736478568510 0.009883984375 6
1736478707799 0.0098646484375 7
1736478847679 0.0098453125 8
1736478982701 0.0098259765625 9
1736479116004 0.009806640625 10
1736479249979 0.0097873046875 11
1736479382359 0.00976796875 12
1736479512381 0.0097486328125 13
1736479642426 0.009729296875 14
1736479774009 0.0097099609375 15
1736479907084 0.009690625000000001 16
1736480038257 0.009671289062500001 17
1736480169739 0.009651953125 18
1736480300994 0.0096326171875 19
1736480432141 0.00961328125 20
1736480563460 0.0095939453125 21
1736480695388 0.009574609375000001 22
1736480825786 0.009555273437500001 23
1736480957509 0.009535937500000001 24
1736481089361 0.009516601562500001 25
1736481221200 0.009497265625 26
1736481354052 0.0094779296875 27
1736481485299 0.009458593749999999 28
