1736154380549 3.43901 0
1736154535936 2.7653 1
1736154608034 2.8154 2
1736154674410 2.7342 3
1736154742107 2.67352 4
1736154811806 2.61592 5
1736154877964 2.53125 6
1736154943445 2.48937 7
1736155009015 2.46879 8
1736155075243 2.45922 9
1736155165376 2.39025 10
1736155269386 2.42524 11
1736155334364 2.38766 12
1736155400070 2.37291 13
1736155501385 2.3528 14
1736155591209 2.34341 15
1736155661031 2.32345 16
1736155727258 2.33827 17
1736155793727 2.30691 18
1736155874846 2.29339 19
1736155940961 2.29945 20
1736156023068 2.27471 21
1736156089314 2.26524 22
1736156158310 2.27984 23
1736156224997 2.2508 24
1736156325833 2.25003 25
1736156446090 2.24192 26
1736156520598 2.25775 27
1736156597607 2.22601 28
1736156660814 2.2194 29
1736156724124 2.21436 30
1736156787364 2.21604 31
1736156860019 2.2211 32
1736156925835 2.21918 33
1736156988775 2.19352 34
1736157051844 2.20087 35
1736157113964 2.20457 36
1736157177998 2.20038 37
1736157543944 2.19409 38
1736157622616 2.17213 39
1736157689882 2.18572 40
1736157756012 2.18871 41
1736157823928 2.17028 42
1736157947355 2.17028 43
1736158017976 2.15649 44
1736158099403 2.17191 45
1736158184618 2.17041 46
1736158249134 2.14586 47
1736158421723 2.16512 48
1736158496524 2.16343 49
1736158557960 2.15454 50
1736158628135 2.16075 51
1736158696063 2.13673 52
1736158778334 2.14479 53
1736158839600 2.12106 54
1736158913314 2.12509 55
1736158974266 2.13851 56
1736159037874 2.12301 57
1736159099293 2.12289 58
1736159166143 2.1175 59
1736159227454 2.13115 60
1736159297793 2.13007 61
1736159671623 2.12274 62
1736159750705 2.13398 63
1736159811333 2.12198 64
1736159902798 2.12495 65
1736159967220 2.1128 66
1736160030564 2.11136 67
1736160097795 2.10476 68
1736160220059 2.09656 69
1736160286133 2.10314 70
1736160347384 2.07859 71
1736160408929 2.10085 72
1736160469935 2.087 73
1736160531250 2.09163 74
1736160640171 2.0925 75
1736160745543 2.08768 76
1736160996068 2.09604 77
1736161057052 2.07639 78
1736161118668 2.08929 79
1736161353854 2.0792 80
1736161466788 2.06386 81
1736161707736 2.06043 82
1736161771791 2.0777 83
1736161839209 2.07148 84
1736161900197 2.06851 85
1736161995408 2.06569 86
1736162069963 2.08504 87
1736162298223 2.08995 88
1736162364875 2.06553 89
1736162426246 2.05825 90
1736162556880 2.05769 91
1736162636490 2.05668 92
1736162714954 2.05158 93
1736162792456 2.04813 94
1736163013132 2.06832 95
1736163091291 2.06083 96
1736163160257 2.03665 97
1736163245559 2.0499 98
1736163307618 2.05245 99
1736163368707 2.04757 100
1736163430263 2.03661 101
1736163497409 2.05086 102
1736163559028 2.02786 103
1736163619846 2.05293 104
1736163754647 2.05018 105
1736163818744 2.07707 106
1736163892245 2.02522 107
1736163953691 2.03048 108
1736164052819 2.02538 109
1736164128193 2.04494 110
1736164195704 2.02491 111
1736164331632 2.02989 112
1736164410140 2.02505 113
1736164471214 2.03207 114
1736164534395 2.0311 115
1736164596930 2.02462 116
1736164658830 2.03548 117
1736164720799 2.02652 118
1736164800660 2.02095 119
1736164863739 2.02156 120
1736164924830 2.01064 121
1736164986075 2.01431 122
1736165047183 2.02359 123
1736165127856 2.01724 124
1736165194557 2.01429 125
1736165255581 2.00175 126
1736165316537 2.01078 127
1736165393425 2.00757 128
1736165456057 2.00595 129
1736165639528 2.00808 130
1736165709247 1.99793 131
1736165774379 2.00443 132
1736165912082 1.98437 133
1736166060762 1.98339 134
1736166130202 1.99509 135
1736166208998 1.98589 136
1736166284927 1.99726 137
1736166354981 1.9956 138
1736166421471 1.98382 139
1736166581098 1.97906 140
1736166647814 1.98939 141
1736166710585 2.00316 142
1736166771433 1.98697 143
1736166891539 1.98815 144
1736167021638 1.97543 145
1736167096970 1.97678 146
1736167158322 1.98258 147
1736167219175 1.96715 148
1736167285008 1.98455 149
1736167554102 1.97541 150
1736167645687 1.98218 151
1736167715578 1.98834 152
1736167857081 1.97727 153
1736167928417 1.96711 154
1736167996270 1.96807 155
1736168074604 1.96997 156
1736168135646 1.9703 157
1736168200666 1.97751 158
1736168261966 1.97524 159
1736168368533 1.96741 160
1736168443961 1.9693 161
