1736154380549 4.10912 0
1736154535936 1.74324 1
1736154608034 1.60568 2
1736154674410 1.46523 3
1736154742107 1.35622 4
1736154811806 1.26439 5
1736154877964 1.20075 6
1736154943445 1.16041 7
1736155009015 1.12495 8
1736155075243 1.11202 9
1736155165376 1.08045 10
1736155269386 1.08217 11
1736155334364 1.05642 12
1736155400070 1.04215 13
1736155501385 1.02202 14
1736155591209 1.01014 15
1736155661031 1.00673 16
1736155727258 0.99437 17
1736155793727 0.98529 18
1736155874846 0.97815 19
1736155940961 0.97331 20
1736156023068 0.96472 21
1736156089314 0.95667 22
1736156158310 0.96046 23
1736156224997 0.94687 24
1736156325833 0.94264 25
1736156446090 0.94172 26
1736156520598 0.94322 27
1736156597607 0.92941 28
1736156660814 0.92711 29
1736156724124 0.91619 30
1736156787364 0.92199 31
1736156860019 0.91591 32
1736156925835 0.91807 33
1736156988775 0.90175 34
1736157051844 0.90402 35
1736157113964 0.90153 36
1736157177998 0.90598 37
1736157543944 0.89818 38
1736157622616 0.89168 39
1736157689882 0.89041 40
1736157756012 0.89308 41
1736157823928 0.88433 42
1736157947355 0.88589 43
1736158017976 0.88355 44
1736158099403 0.87843 45
1736158184618 0.89144 46
1736158249134 0.87344 47
1736158421723 0.87866 48
1736158496524 0.87717 49
1736158557960 0.86931 50
1736158628135 0.87267 51
1736158696063 0.87358 52
1736158778334 0.86526 53
1736158839600 0.85912 54
1736158913314 0.86433 55
1736158974266 0.86595 56
1736159037874 0.85338 57
1736159099293 0.85969 58
1736159166143 0.85567 59
1736159227454 0.85993 60
1736159297793 0.85903 61
1736159671623 0.86239 62
1736159750705 0.85967 63
1736159811333 0.85338 64
1736159902798 0.85852 65
1736159967220 0.85468 66
1736160030564 0.8485 67
1736160097795 0.84861 68
1736160220059 0.84156 69
1736160286133 0.84665 70
1736160347384 0.84042 71
1736160408929 0.84665 72
1736160469935 0.84341 73
1736160531250 0.84124 74
1736160640171 0.84213 75
1736160745543 0.83771 76
1736160996068 0.83732 77
1736161057052 0.83262 78
1736161118668 0.8402 79
1736161353854 0.82976 80
1736161466788 0.83516 81
1736161707736 0.82557 82
1736161771791 0.83221 83
1736161839209 0.8267 84
1736161900197 0.82326 85
1736161995408 0.83095 86
1736162069963 0.83718 87
1736162298223 0.83889 88
1736162364875 0.82876 89
1736162426246 0.82845 90
1736162556880 0.82677 91
1736162636490 0.82543 92
1736162714954 0.81874 93
1736162792456 0.82428 94
1736163013132 0.82756 95
1736163091291 0.826 96
1736163160257 0.82103 97
1736163245559 0.81944 98
1736163307618 0.82384 99
1736163368707 0.82123 100
1736163430263 0.81358 101
1736163497409 0.8236 102
1736163559028 0.81014 103
1736163619846 0.81994 104
1736163754647 0.81511 105
1736163818744 0.8237 106
1736163892245 0.81142 107
1736163953691 0.81155 108
1736164052819 0.8078 109
1736164128193 0.81314 110
1736164195704 0.80366 111
1736164331632 0.81275 112
1736164410140 0.80985 113
1736164471214 0.80939 114
1736164534395 0.81506 115
1736164596930 0.80147 116
1736164658830 0.80568 117
1736164720799 0.81249 118
1736164800660 0.8071 119
1736164863739 0.80359 120
1736164924830 0.80399 121
1736164986075 0.80431 122
1736165047183 0.81448 123
1736165127856 0.80074 124
1736165194557 0.80248 125
1736165255581 0.79914 126
1736165316537 0.80372 127
1736165393425 0.80269 128
1736165456057 0.80042 129
1736165639528 0.80167 130
1736165709247 0.79632 131
1736165774379 0.79437 132
1736165912082 0.79151 133
1736166060762 0.79451 134
1736166130202 0.80154 135
1736166208998 0.78563 136
1736166284927 0.79305 137
1736166354981 0.79126 138
1736166421471 0.79114 139
1736166581098 0.79436 140
1736166647814 0.79032 141
1736166710585 0.79991 142
1736166771433 0.7924 143
1736166891539 0.79773 144
1736167021638 0.78788 145
1736167096970 0.7887 146
1736167158322 0.79253 147
1736167219175 0.78187 148
1736167285008 0.78772 149
1736167554102 0.78602 150
1736167645687 0.78995 151
1736167715578 0.79377 152
1736167857081 0.78747 153
1736167928417 0.78748 154
1736167996270 0.78045 155
1736168074604 0.78557 156
1736168135646 0.78461 157
1736168200666 0.78542 158
1736168261966 0.78388 159
1736168368533 0.78836 160
1736168443961 0.78632 161
