1736154380549 3.10491 0
1736154535936 2.61959 1
1736154608034 2.63368 2
1736154674410 2.57506 3
1736154742107 2.53372 4
1736154811806 2.50942 5
1736154877964 2.44223 6
1736154943445 2.44669 7
1736155009015 2.42519 8
1736155075243 2.4113 9
1736155165376 2.40169 10
1736155269386 2.40318 11
1736155334364 2.39388 12
1736155400070 2.37875 13
1736155501385 2.36656 14
1736155591209 2.36142 15
1736155661031 2.33544 16
1736155727258 2.3593 17
1736155793727 2.33756 18
1736155874846 2.32076 19
1736155940961 2.34197 20
1736156023068 2.31289 21
1736156089314 2.31192 22
1736156158310 2.3253 23
1736156224997 2.2949 24
1736156325833 2.29326 25
1736156446090 2.30371 26
1736156520598 2.31656 27
1736156597607 2.28014 28
1736156660814 2.29871 29
1736156724124 2.27602 30
1736156787364 2.28635 31
1736156860019 2.2839 32
1736156925835 2.28776 33
1736156988775 2.27782 34
1736157051844 2.2705 35
1736157113964 2.27339 36
1736157177998 2.28276 37
1736157543944 2.26207 38
1736157622616 2.26469 39
1736157689882 2.26203 40
1736157756012 2.28811 41
1736157823928 2.25368 42
1736157947355 2.24449 43
1736158017976 2.24537 44
1736158099403 2.24839 45
1736158184618 2.25608 46
1736158249134 2.24578 47
1736158421723 2.28014 48
1736158496524 2.25901 49
1736158557960 2.25158 50
1736158628135 2.25094 51
1736158696063 2.2407 52
1736158778334 2.23976 53
1736158839600 2.2415 54
1736158913314 2.23445 55
1736158974266 2.2567 56
1736159037874 2.20809 57
1736159099293 2.2262 58
1736159166143 2.22108 59
1736159227454 2.23147 60
1736159297793 2.22676 61
1736159671623 2.24063 62
1736159750705 2.24018 63
1736159811333 2.22233 64
1736159902798 2.2383 65
1736159967220 2.24435 66
1736160030564 2.22382 67
1736160097795 2.21203 68
1736160220059 2.22463 69
1736160286133 2.21554 70
1736160347384 2.2057 71
1736160408929 2.20989 72
1736160469935 2.23432 73
1736160531250 2.22985 74
1736160640171 2.22558 75
1736160745543 2.21003 76
1736160996068 2.22261 77
1736161057052 2.2069 78
1736161118668 2.21389 79
1736161353854 2.19708 80
1736161466788 2.19532 81
1736161707736 2.20904 82
1736161771791 2.21884 83
1736161839209 2.21305 84
1736161900197 2.20054 85
1736161995408 2.21166 86
1736162069963 2.21416 87
1736162298223 2.20807 88
1736162364875 2.2066 89
1736162426246 2.19855 90
1736162556880 2.19772 91
1736162636490 2.18746 92
1736162714954 2.18593 93
1736162792456 2.19807 94
1736163013132 2.2038 95
1736163091291 2.19486 96
1736163160257 2.1958 97
1736163245559 2.19848 98
1736163307618 2.19111 99
1736163368707 2.20412 100
1736163430263 2.17397 101
1736163497409 2.19494 102
1736163559028 2.17663 103
1736163619846 2.21191 104
1736163754647 2.18646 105
1736163818744 2.1971 106
1736163892245 2.17883 107
1736163953691 2.1749 108
1736164052819 2.17681 109
1736164128193 2.18144 110
1736164195704 2.16384 111
1736164331632 2.18163 112
1736164410140 2.18335 113
1736164471214 2.19012 114
1736164534395 2.18221 115
1736164596930 2.18065 116
1736164658830 2.15944 117
1736164720799 2.16813 118
1736164800660 2.18454 119
1736164863739 2.17073 120
1736164924830 2.17762 121
1736164986075 2.16978 122
1736165047183 2.1871 123
1736165127856 2.17597 124
1736165194557 2.16433 125
1736165255581 2.179 126
1736165316537 2.17014 127
1736165393425 2.16564 128
1736165456057 2.18001 129
1736165639528 2.14617 130
1736165709247 2.16184 131
1736165774379 2.15445 132
1736165912082 2.16208 133
1736166060762 2.15169 134
1736166130202 2.15905 135
1736166208998 2.14706 136
1736166284927 2.15355 137
1736166354981 2.15728 138
1736166421471 2.14402 139
1736166581098 2.15368 140
1736166647814 2.15309 141
1736166710585 2.16853 142
1736166771433 2.16562 143
1736166891539 2.16344 144
1736167021638 2.14459 145
1736167096970 2.1582 146
1736167158322 2.14168 147
1736167219175 2.14435 148
1736167285008 2.1538 149
1736167554102 2.1429 150
1736167645687 2.15198 151
1736167715578 2.14807 152
1736167857081 2.14536 153
1736167928417 2.15376 154
1736167996270 2.13468 155
1736168074604 2.12369 156
1736168135646 2.15263 157
1736168200666 2.14835 158
1736168261966 2.14948 159
1736168368533 2.13596 160
1736168443961 2.14516 161
