1736409686889 0.07003174603174603 0
1736409971967 0.04001886222718255 1
1736410249903 0.009993087797619038 2
1736410468127 0.0099419921875 3
1736410674060 0.00992265625 4
1736410880103 0.0099033203125 5
1736411084145 0.009883984375 6
1736411288503 0.0098646484375 7
1736411493810 0.0098453125 8
1736411699060 0.0098259765625 9
1736411900074 0.009806640625 10
1736412102005 0.0097873046875 11
1736412305785 0.00976796875 12
1736412511557 0.0097486328125 13
1736412718372 0.009729296875 14
1736412928050 0.0097099609375 15
1736413131395 0.009690625000000001 16
1736413336840 0.009671289062500001 17
1736413542643 0.009651953125 18
1736413748566 0.0096326171875 19
1736413952100 0.00961328125 20
1736414155898 0.0095939453125 21
1736414361648 0.009574609375000001 22
1736414566437 0.009555273437500001 23
1736414770810 0.009535937500000001 24
1736414977366 0.009516601562500001 25
1736415183907 0.009497265625 26
1736415390883 0.0094779296875 27
1736415598411 0.009458593749999999 28
