1736224972624 0.003319327731092437 0
1736225065744 0.006639797520570729 1
1736225138078 0.00994737668504902 2
1736225209418 0.0099419921875 3
1736225285505 0.00992265625 4
1736225357073 0.0099033203125 5
1736225426541 0.009883984375 6
1736225494847 0.0098646484375 7
1736225564802 0.0098453125 8
1736225633121 0.0098259765625 9
1736225712324 0.009806640625 10
1736225789300 0.0097873046875 11
1736225857742 0.00976796875 12
1736225925319 0.0097486328125 13
1736226004595 0.009729296875 14
1736226241649 0.0097099609375 15
1736226312702 0.009690625000000001 16
1736226380095 0.009671289062500001 17
1736226448107 0.009651953125 18
1736226520756 0.0096326171875 19
1736226587662 0.00961328125 20
1736226729553 0.0095939453125 21
1736226810561 0.009574609375000001 22
1736226879272 0.009555273437500001 23
1736226946676 0.009535937500000001 24
1736227014165 0.009516601562500001 25
1736227097293 0.009497265625 26
1736227164741 0.0094779296875 27
1736227232966 0.009458593749999999 28
1736227300288 0.0094392578125 29
1736227367609 0.009419921875 30
1736227434528 0.0094005859375 31
1736227504967 0.00938125 32
1736227572388 0.0093619140625 33
1736227640290 0.009342578124999999 34
1736227707394 0.0093232421875 35
1736227774702 0.00930390625 36
1736227842080 0.0092845703125 37
1736227919831 0.009265234375 38
1736227988675 0.0092458984375 39
1736228057430 0.0092265625 40
1736228124411 0.0092072265625 41
1736228193276 0.009187890625 42
1736228287323 0.0091685546875 43
1736228360706 0.00914921875 44
1736228435668 0.0091298828125 45
1736228503947 0.009110546875 46
1736228571747 0.0090912109375 47
1736228658868 0.009071875 48
1736228727276 0.0090525390625 49
1736228795020 0.009033203125 50
1736228863243 0.0090138671875 51
1736228932655 0.00899453125 52
1736229105736 0.0089751953125 53
1736229171806 0.008955859375 54
1736229240423 0.0089365234375 55
1736229306983 0.0089171875 56
1736229373062 0.0088978515625 57
1736229440182 0.008878515625 58
1736229508078 0.0088591796875 59
1736229574698 0.008839843750000001 60
1736229644039 0.008820507812500001 61
1736229721967 0.008801171875 62
1736230004161 0.0087818359375 63
1736230075490 0.0087625 64
1736230141401 0.0087431640625 65
1736230208134 0.008723828125000001 66
1736230274062 0.008704492187500001 67
1736230340629 0.008685156250000001 68
1736230409212 0.008665820312500001 69
1736230474756 0.008646484375 70
1736230541031 0.0086271484375 71
1736230607236 0.008607812500000001 72
1736230672316 0.0085884765625 73
1736230738366 0.008569140625 74
1736230817147 0.0085498046875 75
1736230898984 0.00853046875 76
1736230973968 0.0085111328125 77
1736231039831 0.008491796874999999 78
1736231106613 0.0084724609375 79
1736231172736 0.008453125 80
1736231256501 0.0084337890625 81
1736231327696 0.008414453125 82
1736231393536 0.0083951171875 83
1736231461899 0.00837578125 84
1736231528573 0.0083564453125 85
1736231801798 0.008337109375 86
1736231884029 0.0083177734375 87
1736231951550 0.0082984375 88
1736232017413 0.0082791015625 89
1736232083606 0.008259765625 90
1736232165000 0.0082404296875 91
1736232231130 0.00822109375 92
1736232303555 0.0082017578125 93
1736232375484 0.008182421875 94
1736232500170 0.0081630859375 95
1736232576362 0.00814375 96
1736232644437 0.0081244140625 97
1736232715905 0.008105078125 98
1736232781876 0.0080857421875 99
1736232847613 0.00806640625 100
1736232913857 0.0080470703125 101
1736232979790 0.008027734375 102
1736233046024 0.0080083984375 103
1736233111658 0.007989062500000001 104
1736233179584 0.0079697265625 105
1736233246546 0.007950390625 106
1736233337429 0.0079310546875 107
1736233418563 0.00791171875 108
1736233485943 0.0078923828125 109
1736233627806 0.007873046875000001 110
1736233701311 0.007853710937500001 111
1736233788629 0.007834375000000001 112
1736233859333 0.0078150390625 113
1736233926141 0.007795703125 114
1736233992178 0.0077763671875 115
1736234058411 0.007757031250000001 116
1736234124831 0.007737695312500001 117
1736234190877 0.007718359375 118
1736234262945 0.0076990234375 119
1736234329736 0.0076796875 120
1736234395261 0.0076603515625 121
1736234460920 0.007641015625000001 122
1736234528102 0.007621679687500001 123
1736234593816 0.007602343750000001 124
1736234659933 0.0075830078125000006 125
1736234725897 0.007563671875 126
1736234792057 0.0075443359375 127
1736234862500 0.007525 128
1736234928300 0.0075056640625 129
1736234996624 0.007486328125 130
1736235063176 0.0074669921875 131
1736235129278 0.00744765625 132
1736235195769 0.0074283203125 133
1736235593735 0.007408984374999999 134
1736235671012 0.0073896484375 135
1736235741741 0.0073703125 136
1736235815983 0.0073509765625 137
1736235885528 0.007331640625 138
1736235952697 0.0073123046875 139
1736236147724 0.00729296875 140
1736236215880 0.007273632812500001 141
1736236281420 0.007254296875000001 142
1736236347113 0.0072349609375 143
1736236540888 0.007215625 144
1736236621272 0.0071962890625 145
1736236691649 0.007176953125 146
1736236758287 0.007157617187500001 147
1736236824492 0.0071382812500000005 148
1736236890413 0.0071189453125000005 149
1736236965431 0.0070996093750000005 150
1736237128967 0.0070802734374999995 151
1736237201272 0.0070609374999999995 152
1736237269040 0.0070416015625 153
1736237335648 0.007022265625 154
