1736388236583 0.07003174603174603 0
1736388329127 0.03998021081349207 1
1736388418516 0.009877113095238088 2
1736388505023 0.00976796875 3
1736388600771 0.009690625000000001 4
1736388691554 0.00961328125 5
1736388779160 0.009535937500000001 6
1736388868125 0.009458593749999999 7
1736388955466 0.00938125 8
1736389045254 0.00930390625 9
1736389135848 0.0092265625 10
1736389224244 0.00914921875 11
1736389314875 0.009071875 12
1736389404108 0.00899453125 13
1736389492995 0.0089171875 14
1736389580622 0.008839843750000001 15
1736389668572 0.0087625 16
1736389757143 0.008685156250000001 17
1736389846544 0.008607812500000001 18
1736389935814 0.00853046875 19
1736390025030 0.008453125 20
1736390112998 0.00837578125 21
1736390201907 0.0082984375 22
1736390291361 0.00822109375 23
1736390380144 0.00814375 24
1736390469007 0.00806640625 25
1736390558199 0.007989062500000001 26
1736390647382 0.00791171875 27
1736390735048 0.007834375000000001 28
