1736388240858 0.96907 0
1736388333523 0.97324 1
1736388422737 0.97012 2
1736388509134 0.96941 3
1736388605250 0.97633 4
1736388696294 0.9665 5
1736388783334 0.9741 6
1736388872155 0.97627 7
1736388959493 0.97292 8
1736389049425 0.97117 9
1736389139970 0.97643 10
1736389228401 0.97006 11
1736389319028 0.97074 12
1736389408219 0.96753 13
1736389496796 0.97349 14
1736389584627 0.96664 15
1736389672829 0.96722 16
1736389761605 0.9768 17
1736389850788 0.97678 18
1736389939982 0.97548 19
1736390029476 0.97766 20
1736390117123 0.97175 21
1736390206106 0.96985 22
1736390295503 0.97408 23
1736390384142 0.97628 24
1736390473091 0.97918 25
1736390562444 0.97436 26
1736390651529 0.97494 27
1736390739078 0.96471 28
1736390744314 0.9768981005875775 28
