1736388240858 0.64204 0
1736388333523 0.64658 1
1736388422737 0.65707 2
1736388509134 0.64432 3
1736388605250 0.6953 4
1736388696294 0.64348 5
1736388783334 0.67687 6
1736388872155 0.6684 7
1736388959493 0.68924 8
1736389049425 0.68761 9
1736389139970 0.69563 10
1736389228401 0.66717 11
1736389319028 0.70666 12
1736389408219 0.69292 13
1736389496796 0.68124 14
1736389584627 0.6875 15
1736389672829 0.68892 16
1736389761605 0.69533 17
1736389850788 0.7177 18
1736389939982 0.69668 19
1736390029476 0.70438 20
1736390117123 0.70303 21
1736390206106 0.70468 22
1736390295503 0.71603 23
1736390384142 0.71099 24
1736390473091 0.70542 25
1736390562444 0.70079 26
1736390651529 0.71296 27
1736390739078 0.69019 28
1736390744314 0.7177615397441698 28
