1736388240858 0.95513 0
1736388333523 0.95769 1
1736388422737 0.96021 2
1736388509134 0.95866 3
1736388605250 0.95871 4
1736388696294 0.96499 5
1736388783334 0.96045 6
1736388872155 0.96379 7
1736388959493 0.96112 8
1736389049425 0.95973 9
1736389139970 0.96615 10
1736389228401 0.96191 11
1736389319028 0.96195 12
1736389408219 0.96368 13
1736389496796 0.96143 14
1736389584627 0.95608 15
1736389672829 0.96016 16
1736389761605 0.95968 17
1736389850788 0.96474 18
1736389939982 0.96374 19
1736390029476 0.96811 20
1736390117123 0.96357 21
1736390206106 0.96198 22
1736390295503 0.96045 23
1736390384142 0.95781 24
1736390473091 0.96023 25
1736390562444 0.95536 26
1736390651529 0.96302 27
1736390739078 0.9621 28
1736390744314 0.963828822663668 28
