1736388240858 0.96229 0
1736388333523 0.97694 1
1736388422737 0.97957 2
1736388509134 0.98404 3
1736388605250 0.98532 4
1736388696294 0.97601 5
1736388783334 0.98432 6
1736388872155 0.9821 7
1736388959493 0.98067 8
1736389049425 0.98247 9
1736389139970 0.97694 10
1736389228401 0.97846 11
1736389319028 0.98339 12
1736389408219 0.97901 13
1736389496796 0.98155 14
1736389584627 0.98389 15
1736389672829 0.98155 16
1736389761605 0.98432 17
1736389850788 0.98063 18
1736389939982 0.98432 19
1736390029476 0.98017 20
1736390117123 0.9759 21
1736390206106 0.98039 22
1736390295503 0.98571 23
1736390384142 0.98434 24
1736390473091 0.98002 25
1736390562444 0.98705 26
1736390651529 0.98487 27
1736390739078 0.98367 28
1736390744314 0.9806273062730627 28
