1736130479443 1.8692 0
1736130908204 1.4154 1
1736130973235 1.3808 2
1736131015832 1.33865 3
1736131059629 1.29355 4
1736131103381 1.28527 5
1736131148164 1.2449 6
1736131192503 1.22436 7
1736131237348 1.20903 8
1736131282998 1.19937 9
1736131336957 1.17297 10
1736131387934 1.18574 11
1736131434293 1.16871 12
1736131481178 1.15917 13
1736131534913 1.1501 14
1736131583709 1.15309 15
1736131631466 1.13117 16
1736131678869 1.14204 17
1736131725712 1.13106 18
1736131776086 1.13185 19
1736131822890 1.11937 20
1736131873914 1.1186 21
1736131920555 1.11204 22
1736131967378 1.12244 23
1736132014726 1.11169 24
1736132062467 1.10437 25
1736132117010 1.10551 26
1736132164118 1.10844 27
1736132211473 1.09871 28
1736132258888 1.09243 29
1736132306448 1.08925 30
1736132354150 1.09372 31
1736132403061 1.09649 32
1736132450042 1.09676 33
1736132497884 1.08465 34
1736132546938 1.08292 35
1736132597633 1.08059 36
1736132645191 1.08258 37
1736132696957 1.07701 38
1736132744872 1.06355 39
1736132792521 1.07174 40
1736132839402 1.0714 41
1736132886138 1.07102 42
1736132950188 1.06878 43
1736132996066 1.0642 44
1736133048132 1.06888 45
1736133094186 1.061 46
1736133140283 1.05883 47
1736133226861 1.06581 48
1736133274831 1.06566 49
1736133319891 1.05981 50
1736133364850 1.06003 51
1736133409614 1.05117 52
1736133457262 1.05177 53
1736136581255 1.04301 54
1736136624050 1.04507 55
1736136666540 1.04863 56
1736136709175 1.03855 57
1736136752158 1.04468 58
1736136795435 1.04534 59
1736136838349 1.04712 60
1736136882681 1.047 61
1736136968835 1.04618 62
1736137018428 1.04538 63
1736137061593 1.04237 64
1736137105075 1.03928 65
1736137148583 1.03944 66
1736137192728 1.03858 67
1736137237323 1.03253 68
1736137281841 1.02914 69
1736137326754 1.03319 70
1736137370876 1.0264 71
1736137415398 1.03325 72
1736137459528 1.02868 73
1736137504391 1.0279 74
1736137553428 1.0297 75
1736137606803 1.02843 76
1736137658084 1.0232 77
1736137702758 1.0167 78
1736137747523 1.02271 79
1736137792568 1.02683 80
1736137847701 1.02385 81
1736137893389 1.01414 82
1736137938058 1.02008 83
1736137983470 1.01785 84
1736138191743 1.01654 85
1736138243943 1.01624 86
1736138288358 1.0235 87
1736138331250 1.01999 88
1736138374959 1.01299 89
1736138419827 1.00878 90
1736138473157 1.01484 91
1736138518077 1.00838 92
1736138566768 1.00823 93
1736138616432 1.00347 94
1736138665311 1.01582 95
1736138713663 1.01335 96
1736138760284 1.0012 97
1736138810263 1.00968 98
1736138856679 1.0078 99
1736138902816 1.00951 100
1736138949311 1.00339 101
1736138995896 1.00499 102
1736139042624 0.99612 103
1736139089025 1.00381 104
1736139135947 1.00376 105
1736139182509 1.01527 106
1736139231592 0.99841 107
1736139277893 0.99488 108
1736139325265 0.99716 109
1736139373497 1.00459 110
1736139420584 0.99413 111
1736139468411 0.99811 112
1736139514421 0.99411 113
1736139561200 1.00069 114
1736139607988 0.99518 115
1736139654581 0.99539 116
1736139701819 1.0017 117
1736139748314 0.9941 118
1736139799139 0.99302 119
1736139845609 0.99276 120
1736139891977 0.98809 121
1736139938639 0.9897 122
1736139985511 0.99759 123
1736140032008 0.99223 124
1736140078646 0.99215 125
1736140124839 0.98266 126
1736140171140 0.98848 127
1736140233709 0.98696 128
1736140281210 0.9857 129
1736140329158 0.98281 130
1736140375514 0.97896 131
1736140422438 0.98213 132
1736140468493 0.97195 133
1736140547499 0.97919 134
1736140593377 0.98182 135
1736140640883 0.97696 136
1736140688889 0.98136 137
1736140735153 0.97835 138
1736140781366 0.97697 139
1736140827818 0.97141 140
1736140874127 0.97759 141
1736140920221 0.97782 142
1736140966592 0.97246 143
1736141015516 0.97701 144
1736141064472 0.97201 145
