1736130479443 1.87244 0
1736130908204 0.76139 1
1736130973235 0.72283 2
1736131015832 0.68779 3
1736131059629 0.6517 4
1736131103381 0.62909 5
1736131148164 0.60733 6
1736131192503 0.59207 7
1736131237348 0.58034 8
1736131282998 0.57256 9
1736131336957 0.55584 10
1736131387934 0.55841 11
1736131434293 0.54627 12
1736131481178 0.53944 13
1736131534913 0.53038 14
1736131583709 0.5273 15
1736131631466 0.52339 16
1736131678869 0.51943 17
1736131725712 0.51476 18
1736131776086 0.5131 19
1736131822890 0.50565 20
1736131873914 0.50404 21
1736131920555 0.50246 22
1736131967378 0.50296 23
1736132014726 0.49913 24
1736132062467 0.49437 25
1736132117010 0.49425 26
1736132164118 0.49432 27
1736132211473 0.48987 28
1736132258888 0.48847 29
1736132306448 0.48232 30
1736132354150 0.48743 31
1736132403061 0.48277 32
1736132450042 0.48318 33
1736132497884 0.4766 34
1736132546938 0.47838 35
1736132597633 0.47633 36
1736132645191 0.47608 37
1736132696957 0.47385 38
1736132744872 0.46803 39
1736132792521 0.47117 40
1736132839402 0.46843 41
1736132886138 0.46823 42
1736132950188 0.46994 43
1736132996066 0.46676 44
1736133048132 0.46446 45
1736133094186 0.46557 46
1736133140283 0.4614 47
1736133226861 0.46196 48
1736133274831 0.46129 49
1736133319891 0.4589 50
1736133364850 0.45841 51
1736133409614 0.4588 52
1736133457262 0.4551 53
1736136581255 0.45333 54
1736136624050 0.45608 55
1736136666540 0.45425 56
1736136709175 0.45099 57
1736136752158 0.45308 58
1736136795435 0.45208 59
1736136838349 0.45116 60
1736136882681 0.45303 61
1736136968835 0.45404 62
1736137018428 0.45073 63
1736137061593 0.44919 64
1736137105075 0.44871 65
1736137148583 0.44874 66
1736137192728 0.44698 67
1736137237323 0.44681 68
1736137281841 0.44206 69
1736137326754 0.44498 70
1736137370876 0.44359 71
1736137415398 0.44407 72
1736137459528 0.44301 73
1736137504391 0.4413 74
1736137553428 0.44318 75
1736137606803 0.43955 76
1736137658084 0.4397 77
1736137702758 0.43703 78
1736137747523 0.44012 79
1736137792568 0.43819 80
1736137847701 0.43831 81
1736137893389 0.43533 82
1736137938058 0.4372 83
1736137983470 0.43347 84
1736138191743 0.43259 85
1736138243943 0.43562 86
1736138288358 0.43897 87
1736138331250 0.43707 88
1736138374959 0.43335 89
1736138419827 0.43339 90
1736138473157 0.43351 91
1736138518077 0.43262 92
1736138566768 0.43097 93
1736138616432 0.43457 94
1736138665311 0.43403 95
1736138713663 0.43249 96
1736138760284 0.42945 97
1736138810263 0.42921 98
1736138856679 0.43354 99
1736138902816 0.43071 100
1736138949311 0.42945 101
1736138995896 0.4309 102
1736139042624 0.42599 103
1736139089025 0.42841 104
1736139135947 0.42703 105
1736139182509 0.43078 106
1736139231592 0.42664 107
1736139277893 0.42572 108
1736139325265 0.42524 109
1736139373497 0.42744 110
1736139420584 0.42393 111
1736139468411 0.42608 112
1736139514421 0.4233 113
1736139561200 0.42605 114
1736139607988 0.42643 115
1736139654581 0.42223 116
1736139701819 0.42364 117
1736139748314 0.42518 118
1736139799139 0.42422 119
1736139845609 0.42207 120
1736139891977 0.42119 121
1736139938639 0.42113 122
1736139985511 0.4252 123
1736140032008 0.42127 124
1736140078646 0.42109 125
1736140124839 0.41918 126
1736140171140 0.4211 127
1736140233709 0.42265 128
1736140281210 0.419 129
1736140329158 0.4192 130
1736140375514 0.41829 131
1736140422438 0.41721 132
1736140468493 0.4151 133
1736140547499 0.41746 134
1736140593377 0.41942 135
1736140640883 0.41354 136
1736140688889 0.41717 137
1736140735153 0.41588 138
1736140781366 0.41546 139
1736140827818 0.41744 140
1736140874127 0.41513 141
1736140920221 0.41837 142
1736140966592 0.41583 143
1736141015516 0.41849 144
1736141064472 0.41506 145
