1736130479443 1.63961 0
1736130908204 1.33294 1
1736130973235 1.30543 2
1736131015832 1.27457 3
1736131059629 1.24351 4
1736131103381 1.24479 5
1736131148164 1.20963 6
1736131192503 1.21388 7
1736131237348 1.20068 8
1736131282998 1.19105 9
1736131336957 1.19018 10
1736131387934 1.18843 11
1736131434293 1.18408 12
1736131481178 1.17414 13
1736131534913 1.17079 14
1736131583709 1.17103 15
1736131631466 1.15212 16
1736131678869 1.16669 17
1736131725712 1.15921 18
1736131776086 1.15579 19
1736131822890 1.15561 20
1736131873914 1.14698 21
1736131920555 1.14806 22
1736131967378 1.15475 23
1736132014726 1.14093 24
1736132062467 1.13664 25
1736132117010 1.14403 26
1736132164118 1.14917 27
1736132211473 1.13489 28
1736132258888 1.1417 29
1736132306448 1.12951 30
1736132354150 1.13809 31
1736132403061 1.13627 32
1736132450042 1.13693 33
1736132497884 1.1329 34
1736132546938 1.12751 35
1736132597633 1.12656 36
1736132645191 1.13217 37
1736132696957 1.12132 38
1736132744872 1.12048 39
1736132792521 1.11907 40
1736132839402 1.13252 41
1736132886138 1.12054 42
1736132950188 1.11589 43
1736132996066 1.11597 44
1736133048132 1.11731 45
1736133094186 1.11782 46
1736133140283 1.11698 47
1736133226861 1.13172 48
1736133274831 1.12217 49
1736133319891 1.11731 50
1736133364850 1.11555 51
1736133409614 1.1121 52
1736133457262 1.10917 53
1736136581255 1.11348 54
1736136624050 1.10891 55
1736136666540 1.11764 56
1736136709175 1.09226 57
1736136752158 1.10596 58
1736136795435 1.10453 59
1736136838349 1.10703 60
1736136882681 1.10417 61
1736136968835 1.11215 62
1736137018428 1.1076 63
1736137061593 1.10259 64
1736137105075 1.10724 65
1736137148583 1.11311 66
1736137192728 1.10379 67
1736137237323 1.0969 68
1736137281841 1.10238 69
1736137326754 1.0986 70
1736137370876 1.09767 71
1736137415398 1.09757 72
1736137459528 1.10982 73
1736137504391 1.10642 74
1736137553428 1.10382 75
1736137606803 1.0968 76
1736137658084 1.09862 77
1736137702758 1.09241 78
1736137747523 1.09629 79
1736137792568 1.09229 80
1736137847701 1.0947 81
1736137893389 1.09494 82
1736137938058 1.09864 83
1736137983470 1.09677 84
1736138191743 1.09113 85
1736138243943 1.09662 86
1736138288358 1.09713 87
1736138331250 1.09242 88
1736138374959 1.09357 89
1736138419827 1.08928 90
1736138473157 1.09138 91
1736138518077 1.08248 92
1736138566768 1.08329 93
1736138616432 1.08888 94
1736138665311 1.09209 95
1736138713663 1.08802 96
1736138760284 1.08923 97
1736138810263 1.0906 98
1736138856679 1.08676 99
1736138902816 1.09526 100
1736138949311 1.08121 101
1736138995896 1.08574 102
1736139042624 1.08019 103
1736139089025 1.09328 104
1736139135947 1.08235 105
1736139182509 1.08571 106
1736139231592 1.08316 107
1736139277893 1.07699 108
1736139325265 1.08054 109
1736139373497 1.0818 110
1736139420584 1.07185 111
1736139468411 1.08227 112
1736139514421 1.0822 113
1736139561200 1.0863 114
1736139607988 1.08029 115
1736139654581 1.08092 116
1736139701819 1.07157 117
1736139748314 1.07362 118
1736139799139 1.0839 119
1736139845609 1.07553 120
1736139891977 1.07996 121
1736139938639 1.07583 122
1736139985511 1.08569 123
1736140032008 1.07913 124
1736140078646 1.07479 125
1736140124839 1.07824 126
1736140171140 1.07509 127
1736140233709 1.07239 128
1736140281210 1.07958 129
1736140329158 1.06178 130
1736140375514 1.06957 131
1736140422438 1.06647 132
1736140468493 1.07128 133
1736140547499 1.06965 134
1736140593377 1.07129 135
1736140640883 1.06498 136
1736140688889 1.06761 137
1736140735153 1.06881 138
1736140781366 1.06357 139
1736140827818 1.06717 140
1736140874127 1.06723 141
1736140920221 1.07042 142
1736140966592 1.07211 143
1736141015516 1.07235 144
1736141064472 1.06431 145
