1736224977851 0.93114 0
1736225071098 0.95799 1
1736225143088 0.97141 2
1736225215083 0.94751 3
1736225290600 0.97967 4
1736225362036 0.98157 5
1736225431254 0.97961 6
1736225500333 0.98147 7
1736225569661 0.9836 8
1736225637664 0.98198 9
1736225716896 0.98383 10
1736225794536 0.98334 11
1736225862238 0.98297 12
1736225930241 0.98235 13
1736226009156 0.97881 14
1736226248692 0.98383 15
1736226317107 0.98387 16
1736226384462 0.98426 17
1736226452456 0.98566 18
1736226525195 0.98175 19
1736226592227 0.98497 20
1736226746906 0.98496 21
1736226815403 0.98448 22
1736226883783 0.98371 23
1736226951404 0.98466 24
1736227018497 0.98239 25
1736227101984 0.98573 26
1736227169015 0.98594 27
1736227237537 0.98557 28
1736227304701 0.98511 29
1736227372162 0.98482 30
1736227438891 0.98478 31
1736227509348 0.98495 32
1736227576818 0.98381 33
1736227644617 0.98487 34
1736227711798 0.98636 35
1736227779080 0.9847 36
1736227846511 0.98608 37
1736227924979 0.9848 38
1736227993026 0.98503 39
1736228062060 0.98514 40
1736228128765 0.98596 41
1736228198128 0.98547 42
1736228297502 0.98583 43
1736228365042 0.98478 44
1736228440179 0.98611 45
1736228508408 0.98565 46
1736228576017 0.98543 47
1736228664648 0.98586 48
1736228731539 0.9854 49
1736228799341 0.98525 50
1736228867583 0.98514 51
1736228936972 0.98662 52
1736229110122 0.98596 53
1736229175967 0.98572 54
1736229245290 0.98613 55
1736229311310 0.98608 56
1736229377350 0.98593 57
1736229444430 0.98557 58
1736229512433 0.98557 59
1736229578965 0.98672 60
1736229648483 0.98589 61
1736229726978 0.98527 62
1736230018710 0.98528 63
1736230079736 0.98548 64
1736230146277 0.98409 65
1736230212480 0.98478 66
1736230278478 0.98616 67
1736230344924 0.98393 68
1736230413597 0.98661 69
1736230479004 0.98574 70
1736230545230 0.98646 71
1736230611734 0.98627 72
1736230676585 0.98632 73
1736230742767 0.98509 74
1736230821702 0.98546 75
1736230903211 0.98656 76
1736230978259 0.9848 77
1736231044516 0.98623 78
1736231110826 0.98556 79
1736231177003 0.98565 80
1736231260760 0.9868 81
1736231332185 0.98647 82
1736231397791 0.98624 83
1736231466808 0.98606 84
1736231532799 0.98549 85
1736231823928 0.98584 86
1736231888404 0.98564 87
1736231955835 0.98557 88
1736232021933 0.98593 89
1736232087797 0.98575 90
1736232169552 0.98606 91
1736232235356 0.98294 92
1736232307928 0.98656 93
1736232379902 0.98578 94
1736232511970 0.98643 95
1736232580599 0.98653 96
1736232648809 0.98447 97
1736232720106 0.98563 98
1736232786677 0.98597 99
1736232851867 0.98542 100
1736232918388 0.98667 101
1736232984110 0.98555 102
1736233050198 0.98617 103
1736233116181 0.98548 104
1736233184186 0.98532 105
1736233251109 0.98634 106
1736233357125 0.98605 107
1736233422667 0.98488 108
1736233490496 0.9848 109
1736233639113 0.98618 110
1736233705521 0.98494 111
1736233798118 0.9868 112
1736233864169 0.98684 113
1736233930317 0.98514 114
1736233996335 0.986 115
1736234062676 0.98592 116
1736234128977 0.98534 117
1736234195353 0.98571 118
1736234267418 0.98658 119
1736234333894 0.98536 120
1736234399453 0.98585 121
1736234465695 0.98609 122
1736234532297 0.98601 123
1736234598295 0.98585 124
1736234664152 0.98578 125
1736234730011 0.98596 126
1736234796490 0.98571 127
1736234866617 0.98641 128
1736234932551 0.98573 129
1736235000864 0.98616 130
1736235067588 0.98584 131
1736235133489 0.9855 132
1736235200222 0.98592 133
1736235614245 0.98624 134
1736235675214 0.98647 135
1736235745949 0.98621 136
1736235823185 0.98576 137
1736235890091 0.98608 138
1736235956891 0.98651 139
1736236154229 0.98607 140
1736236220425 0.98644 141
1736236285680 0.98639 142
1736236351314 0.98522 143
1736236546783 0.98603 144
1736236629028 0.98632 145
1736236695793 0.98643 146
1736236762629 0.98598 147
1736236828695 0.98581 148
1736236894995 0.98689 149
1736236970014 0.98613 150
1736237140193 0.98659 151
1736237205504 0.98575 152
1736237273236 0.98622 153
1736237339835 0.98655 154
1736237352682 0.9857144830983774 154
