1736224977851 0.53373 0
1736225071098 0.58477 1
1736225143088 0.65487 2
1736225215083 0.45787 3
1736225290600 0.67372 4
1736225362036 0.68451 5
1736225431254 0.62903 6
1736225500333 0.68324 7
1736225569661 0.69688 8
1736225637664 0.68006 9
1736225716896 0.68542 10
1736225794536 0.69347 11
1736225862238 0.66608 12
1736225930241 0.68152 13
1736226009156 0.61202 14
1736226248692 0.67039 15
1736226317107 0.67484 16
1736226384462 0.68372 17
1736226452456 0.68748 18
1736226525195 0.56544 19
1736226592227 0.6836 20
1736226746906 0.66956 21
1736226815403 0.66169 22
1736226883783 0.71163 23
1736226951404 0.65511 24
1736227018497 0.65528 25
1736227101984 0.68494 26
1736227169015 0.69132 27
1736227237537 0.6965 28
1736227304701 0.70184 29
1736227372162 0.68873 30
1736227438891 0.69617 31
1736227509348 0.67764 32
1736227576818 0.66014 33
1736227644617 0.67587 34
1736227711798 0.72093 35
1736227779080 0.69548 36
1736227846511 0.71377 37
1736227924979 0.65705 38
1736227993026 0.65997 39
1736228062060 0.70423 40
1736228128765 0.71587 41
1736228198128 0.70001 42
1736228297502 0.70957 43
1736228365042 0.67019 44
1736228440179 0.71741 45
1736228508408 0.69215 46
1736228576017 0.69166 47
1736228664648 0.70364 48
1736228731539 0.69451 49
1736228799341 0.70158 50
1736228867583 0.69286 51
1736228936972 0.73076 52
1736229110122 0.72395 53
1736229175967 0.73355 54
1736229245290 0.70505 55
1736229311310 0.68473 56
1736229377350 0.70896 57
1736229444430 0.7062 58
1736229512433 0.66953 59
1736229578965 0.71272 60
1736229648483 0.71201 61
1736229726978 0.7096 62
1736230018710 0.69019 63
1736230079736 0.72659 64
1736230146277 0.65301 65
1736230212480 0.68974 66
1736230278478 0.71577 67
1736230344924 0.67408 68
1736230413597 0.71771 69
1736230479004 0.71244 70
1736230545230 0.72864 71
1736230611734 0.70804 72
1736230676585 0.71141 73
1736230742767 0.70898 74
1736230821702 0.71933 75
1736230903211 0.72745 76
1736230978259 0.69125 77
1736231044516 0.70382 78
1736231110826 0.68002 79
1736231177003 0.69267 80
1736231260760 0.73026 81
1736231332185 0.69065 82
1736231397791 0.70229 83
1736231466808 0.71424 84
1736231532799 0.68727 85
1736231823928 0.69392 86
1736231888404 0.69074 87
1736231955835 0.64507 88
1736232021933 0.70141 89
1736232087797 0.70993 90
1736232169552 0.69108 91
1736232235356 0.6315 92
1736232307928 0.71979 93
1736232379902 0.72863 94
1736232511970 0.71388 95
1736232580599 0.70411 96
1736232648809 0.656 97
1736232720106 0.66031 98
1736232786677 0.71986 99
1736232851867 0.68369 100
1736232918388 0.69972 101
1736232984110 0.70161 102
1736233050198 0.70594 103
1736233116181 0.67011 104
1736233184186 0.67729 105
1736233251109 0.7172 106
1736233357125 0.69532 107
1736233422667 0.69831 108
1736233490496 0.69146 109
1736233639113 0.70419 110
1736233705521 0.65586 111
1736233798118 0.71914 112
1736233864169 0.72037 113
1736233930317 0.67727 114
1736233996335 0.68794 115
1736234062676 0.68199 116
1736234128977 0.68725 117
1736234195353 0.704 118
1736234267418 0.70527 119
1736234333894 0.68545 120
1736234399453 0.68324 121
1736234465695 0.71277 122
1736234532297 0.68188 123
1736234598295 0.7115 124
1736234664152 0.69416 125
1736234730011 0.68535 126
1736234796490 0.69477 127
1736234866617 0.7048 128
1736234932551 0.68498 129
1736235000864 0.68862 130
1736235067588 0.70834 131
1736235133489 0.70391 132
1736235200222 0.68759 133
1736235614245 0.68829 134
1736235675214 0.70999 135
1736235745949 0.70121 136
1736235823185 0.68942 137
1736235890091 0.67777 138
1736235956891 0.71465 139
1736236154229 0.69622 140
1736236220425 0.70388 141
1736236285680 0.69941 142
1736236351314 0.66117 143
1736236546783 0.68444 144
1736236629028 0.69129 145
1736236695793 0.70175 146
1736236762629 0.70018 147
1736236828695 0.68922 148
1736236894995 0.72365 149
1736236970014 0.69481 150
1736237140193 0.70427 151
1736237205504 0.68859 152
1736237273236 0.70917 153
1736237339835 0.69293 154
1736237352682 0.7334937627438314 154
