1736224977851 0.86217 0
1736225071098 0.88787 1
1736225143088 0.91507 2
1736225215083 0.87978 3
1736225290600 0.92431 4
1736225362036 0.93508 5
1736225431254 0.92738 6
1736225500333 0.93116 7
1736225569661 0.93786 8
1736225637664 0.93384 9
1736225716896 0.93445 10
1736225794536 0.9373 11
1736225862238 0.93138 12
1736225930241 0.92612 13
1736226009156 0.92261 14
1736226248692 0.93706 15
1736226317107 0.93577 16
1736226384462 0.93768 17
1736226452456 0.9439 18
1736226525195 0.93608 19
1736226592227 0.93862 20
1736226746906 0.93928 21
1736226815403 0.9348 22
1736226883783 0.93327 23
1736226951404 0.93435 24
1736227018497 0.93558 25
1736227101984 0.93902 26
1736227169015 0.93712 27
1736227237537 0.93822 28
1736227304701 0.93742 29
1736227372162 0.93984 30
1736227438891 0.9417 31
1736227509348 0.94111 32
1736227576818 0.93434 33
1736227644617 0.93518 34
1736227711798 0.94218 35
1736227779080 0.93483 36
1736227846511 0.93853 37
1736227924979 0.93459 38
1736227993026 0.94053 39
1736228062060 0.93957 40
1736228128765 0.94305 41
1736228198128 0.93723 42
1736228297502 0.93841 43
1736228365042 0.93466 44
1736228440179 0.943 45
1736228508408 0.93921 46
1736228576017 0.93998 47
1736228664648 0.93852 48
1736228731539 0.94139 49
1736228799341 0.93876 50
1736228867583 0.93461 51
1736228936972 0.94432 52
1736229110122 0.94105 53
1736229175967 0.94151 54
1736229245290 0.93961 55
1736229311310 0.9393 56
1736229377350 0.94099 57
1736229444430 0.9401 58
1736229512433 0.94117 59
1736229578965 0.94577 60
1736229648483 0.94365 61
1736229726978 0.94026 62
1736230018710 0.94127 63
1736230079736 0.93736 64
1736230146277 0.9358 65
1736230212480 0.93523 66
1736230278478 0.94371 67
1736230344924 0.93649 68
1736230413597 0.94231 69
1736230479004 0.94234 70
1736230545230 0.94376 71
1736230611734 0.94142 72
1736230676585 0.94024 73
1736230742767 0.93657 74
1736230821702 0.94122 75
1736230903211 0.9418 76
1736230978259 0.93466 77
1736231044516 0.94011 78
1736231110826 0.9382 79
1736231177003 0.94115 80
1736231260760 0.94326 81
1736231332185 0.9392 82
1736231397791 0.94101 83
1736231466808 0.94148 84
1736231532799 0.9407 85
1736231823928 0.94182 86
1736231888404 0.94161 87
1736231955835 0.93895 88
1736232021933 0.94054 89
1736232087797 0.93996 90
1736232169552 0.93947 91
1736232235356 0.93557 92
1736232307928 0.94194 93
1736232379902 0.94424 94
1736232511970 0.94432 95
1736232580599 0.94485 96
1736232648809 0.9381 97
1736232720106 0.93858 98
1736232786677 0.93899 99
1736232851867 0.94104 100
1736232918388 0.9383 101
1736232984110 0.94011 102
1736233050198 0.94174 103
1736233116181 0.94224 104
1736233184186 0.9412 105
1736233251109 0.93582 106
1736233357125 0.94372 107
1736233422667 0.93912 108
1736233490496 0.94398 109
1736233639113 0.94198 110
1736233705521 0.9416 111
1736233798118 0.94381 112
1736233864169 0.94194 113
1736233930317 0.93954 114
1736233996335 0.93915 115
1736234062676 0.93892 116
1736234128977 0.93863 117
1736234195353 0.94133 118
1736234267418 0.94387 119
1736234333894 0.94023 120
1736234399453 0.93853 121
1736234465695 0.94211 122
1736234532297 0.94351 123
1736234598295 0.93921 124
1736234664152 0.94319 125
1736234730011 0.94187 126
1736234796490 0.94143 127
1736234866617 0.94255 128
1736234932551 0.94069 129
1736235000864 0.94177 130
1736235067588 0.94208 131
1736235133489 0.94101 132
1736235200222 0.94192 133
1736235614245 0.9437 134
1736235675214 0.93964 135
1736235745949 0.94117 136
1736235823185 0.94137 137
1736235890091 0.94536 138
1736235956891 0.94444 139
1736236154229 0.9378 140
1736236220425 0.94158 141
1736236285680 0.94149 142
1736236351314 0.93853 143
1736236546783 0.94039 144
1736236629028 0.94293 145
1736236695793 0.9406 146
1736236762629 0.9419 147
1736236828695 0.94207 148
1736236894995 0.94147 149
1736236970014 0.94364 150
1736237140193 0.9433 151
1736237205504 0.9396 152
1736237273236 0.94204 153
1736237339835 0.93973 154
1736237352682 0.9413727271074033 154
