1736224977851 0.93618 0
1736225071098 0.93863 1
1736225143088 0.95764 2
1736225215083 0.92739 3
1736225290600 0.95998 4
1736225362036 0.96044 5
1736225431254 0.95455 6
1736225500333 0.95598 7
1736225569661 0.964 8
1736225637664 0.964 9
1736225716896 0.96706 10
1736225794536 0.9641 11
1736225862238 0.95978 12
1736225930241 0.96697 13
1736226009156 0.95785 14
1736226248692 0.96608 15
1736226317107 0.9616 16
1736226384462 0.96212 17
1736226452456 0.96076 18
1736226525195 0.96308 19
1736226592227 0.96476 20
1736226746906 0.96432 21
1736226815403 0.96596 22
1736226883783 0.96222 23
1736226951404 0.96654 24
1736227018497 0.96298 25
1736227101984 0.96699 26
1736227169015 0.96593 27
1736227237537 0.96682 28
1736227304701 0.96888 29
1736227372162 0.96286 30
1736227438891 0.96664 31
1736227509348 0.96211 32
1736227576818 0.96451 33
1736227644617 0.96964 34
1736227711798 0.96778 35
1736227779080 0.96603 36
1736227846511 0.96969 37
1736227924979 0.96568 38
1736227993026 0.96581 39
1736228062060 0.96527 40
1736228128765 0.96522 41
1736228198128 0.96723 42
1736228297502 0.96751 43
1736228365042 0.96741 44
1736228440179 0.96162 45
1736228508408 0.96735 46
1736228576017 0.96442 47
1736228664648 0.9703 48
1736228731539 0.96222 49
1736228799341 0.96786 50
1736228867583 0.97019 51
1736228936972 0.96496 52
1736229110122 0.96583 53
1736229175967 0.96498 54
1736229245290 0.96991 55
1736229311310 0.96735 56
1736229377350 0.96649 57
1736229444430 0.96766 58
1736229512433 0.96542 59
1736229578965 0.96583 60
1736229648483 0.96647 61
1736229726978 0.96593 62
1736230018710 0.96405 63
1736230079736 0.97137 64
1736230146277 0.96573 65
1736230212480 0.96844 66
1736230278478 0.9702 67
1736230344924 0.96786 68
1736230413597 0.96519 69
1736230479004 0.96761 70
1736230545230 0.96725 71
1736230611734 0.96654 72
1736230676585 0.96751 73
1736230742767 0.96995 74
1736230821702 0.96746 75
1736230903211 0.96929 76
1736230978259 0.96603 77
1736231044516 0.96695 78
1736231110826 0.96624 79
1736231177003 0.96608 80
1736231260760 0.96706 81
1736231332185 0.96878 82
1736231397791 0.96588 83
1736231466808 0.96454 84
1736231532799 0.96578 85
1736231823928 0.96721 86
1736231888404 0.96451 87
1736231955835 0.96791 88
1736232021933 0.96767 89
1736232087797 0.96797 90
1736232169552 0.96676 91
1736232235356 0.96288 92
1736232307928 0.96858 93
1736232379902 0.96449 94
1736232511970 0.9669 95
1736232580599 0.9642 96
1736232648809 0.96741 97
1736232720106 0.96817 98
1736232786677 0.96873 99
1736232851867 0.96831 100
1736232918388 0.96967 101
1736232984110 0.9658 102
1736233050198 0.96666 103
1736233116181 0.96643 104
1736233184186 0.96547 105
1736233251109 0.97127 106
1736233357125 0.96691 107
1736233422667 0.96237 108
1736233490496 0.96563 109
1736233639113 0.96949 110
1736233705521 0.9641 111
1736233798118 0.96764 112
1736233864169 0.96693 113
1736233930317 0.96641 114
1736233996335 0.97112 115
1736234062676 0.96853 116
1736234128977 0.96906 117
1736234195353 0.96619 118
1736234267418 0.96512 119
1736234333894 0.96532 120
1736234399453 0.97081 121
1736234465695 0.96639 122
1736234532297 0.96488 123
1736234598295 0.96934 124
1736234664152 0.96403 125
1736234730011 0.96664 126
1736234796490 0.96619 127
1736234866617 0.96873 128
1736234932551 0.96861 129
1736235000864 0.96876 130
1736235067588 0.96725 131
1736235133489 0.96605 132
1736235200222 0.96812 133
1736235614245 0.96567 134
1736235675214 0.96975 135
1736235745949 0.96903 136
1736235823185 0.96824 137
1736235890091 0.96419 138
1736235956891 0.96629 139
1736236154229 0.97207 140
1736236220425 0.96947 141
1736236285680 0.96827 142
1736236351314 0.96847 143
1736236546783 0.96829 144
1736236629028 0.9662 145
1736236695793 0.96949 146
1736236762629 0.96781 147
1736236828695 0.9669 148
1736236894995 0.97087 149
1736236970014 0.96659 150
1736237140193 0.96691 151
1736237205504 0.97086 152
1736237273236 0.96952 153
1736237339835 0.96958 154
1736237352682 0.9650801009491135 154
